Ensembl_Gene_ID	Gene_Symbol	log2FC_DeSeq	p_DeSeq	padj_DeSeq	log2FC_edge	p_edge	padj_edge
ENSG00000090339	ICAM1	6,5146051234	0	0	6,6698404077	0	0
ENSG00000108691	CCL2	6,3686974669	0	0	6,3927430651	0	0
ENSG00000118503	TNFAIP3	4,142184042	0	0	4,1752383048	0	0
ENSG00000162692	VCAM1	8,7782866973	0	0	9,0516122689	0	0
ENSG00000185215	TNFAIP2	3,3456674423	0	0	3,3128766885	0	0
ENSG00000169429	IL8	3,4870272048	0	0	3,4854038547	1,49E-291	4,76E-288
ENSG00000077150	NFKB2	3,6649776903	0	0	3,6760936413	9,72E-277	2,82E-273
ENSG00000100906	NFKBIA	2,8440308116	0	0	2,8107738915	1,69E-238	4,50E-235
ENSG00000161011	SQSTM1	1,4539499091	0	0	1,404984023	6,60E-87	3,91E-84
ENSG00000164251	F2RL1	2,2674724659	1,86E-298	4,46E-295	2,228720453	7,80E-174	1,25E-170
ENSG00000145365	TIFA	2,5147396288	5,37E-288	1,20E-284	2,4827316786	9,05E-190	1,61E-186
ENSG00000056558	TRAF1	4,2596374184	1,37E-273	2,84E-270	4,3219219715	0	0
ENSG00000104856	RELB	5,1896450277	2,61E-261	5,09E-258	5,3740452546	0	0
ENSG00000007908	SELE	6,196637287	7,71E-247	1,27E-243	6,5992071817	0	0
ENSG00000023445	BIRC3	6,5579268982	4,00E-240	6,24E-237	7,1013231569	0	0
ENSG00000128284	APOL3	3,0614676915	7,04E-235	1,05E-231	3,0580886345	5,34E-219	1,31E-215
ENSG00000184371	CSF1	2,8844695487	1,99E-222	2,83E-219	2,8747119649	1,34E-200	2,51E-197
ENSG00000160326	SLC2A6	2,3957272225	1,07E-190	1,39E-187	2,371736578	7,25E-153	9,27E-150
ENSG00000112149	CD83	4,7996131762	8,18E-129	6,22E-126	5,1849020913	6,25E-209	1,25E-205
ENSG00000169248	CXCL11	3,8315673573	2,81E-120	1,99E-117	3,9885010193	3,59E-153	4,78E-150
ENSG00000163735	CXCL5	4,7592393268	6,91E-100	3,85E-97	5,3189628206	6,02E-161	8,75E-158
ENSG00000006210	CX3CL1	5,0289208223	1,49E-79	6,37E-77	6,2047905222	2,06E-142	2,53E-139
ENSG00000185101	ANO9	4,7255973704	2,80E-78	1,18E-75	5,5319492083	6,65E-119	6,25E-116
ENSG00000227507	LTB	4,0995946794	2,09E-71	7,67E-69	4,5693401008	8,35E-99	5,93E-96
ENSG00000086061	DNAJA1	0,6674646133	8,43E-67	2,92E-64	0,6160659876	8,81E-20	1,04E-17
ENSG00000145632	PLK2	0,4267518548	1,74E-54	4,90E-52	0,3743843813	3,41E-08	1,54E-06
ENSG00000137575	SDCBP	0,562417938	6,61E-37	1,21E-34	0,5110720979	1,04E-13	8,15E-12
ENSG00000185551	NR2F2	-0,4418710276	1,02E-33	1,68E-31	-0,4961472049	2,83E-13	2,15E-11
ENSG00000143878	RHOB	0,4270699083	8,57E-20	7,96E-18	0,3760342184	1,01E-07	4,24E-06
ENSG00000163661	PTX3	0,7688218098	1,28E-18	1,11E-16	0,7264569628	3,04E-18	3,32E-16
ENSG00000143321	HDGF	0,4197447033	5,03E-18	4,26E-16	0,3691856958	2,76E-07	1,08E-05
ENSG00000166710	B2M	0,5934226886	2,74E-17	2,17E-15	0,546357382	2,92E-12	2,01E-10
ENSG00000091527	CDV3	0,4330530474	1,29E-14	8,77E-13	0,3818032113	4,70E-08	2,08E-06
ENSG00000167996	FTH1	0,3086051027	0,0001285683	0,0027032255	0,2597510103	0,0013737609	0,0215751345
ENSG00000104951	IL4I1	3,3577105153	2,79E-129	2,18E-126	3,4292833296	1,11E-140	1,27E-137
ENSG00000142871	CYR61	0,3022995047	1,19E-19	1,10E-17	0,2496820627	0,0001860959	0,0039336139
ENSG00000172602	RND1	3,1006902741	1,59E-126	1,18E-123	3,1459477897	1,09E-128	1,12E-125
ENSG00000008517	IL32	2,6851848451	1,61E-197	2,19E-194	2,6720847487	6,15E-172	9,36E-169
ENSG00000049249	TNFRSF9	5,15969543	4,37E-62	1,42E-59	8,1430466274	1,04E-105	8,28E-103
ENSG00000188015	S100A3	3,7839407114	1,01E-82	4,65E-80	4,0520465746	6,83E-108	5,60E-105
ENSG00000163739	CXCL1	3,2077477629	1,20E-177	1,33E-174	3,2317419311	2,29E-210	4,88E-207
ENSG00000110848	CD69	3,7290297609	2,39E-80	1,03E-77	3,9921576403	5,45E-104	4,15E-101
ENSG00000164932	CTHRC1	1,8928621629	9,95E-146	9,13E-143	1,8587056384	4,35E-105	3,39E-102
ENSG00000124875	CXCL6	3,4684320871	2,85E-185	3,42E-182	3,5080734691	2,70E-188	4,54E-185
ENSG00000115919	KYNU	3,6520997971	3,66E-82	1,63E-79	3,8834279178	1,61E-103	1,20E-100
ENSG00000115009	CCL20	4,6913272906	4,54E-64	1,51E-61	5,9380301295	1,03E-111	8,85E-109
ENSG00000159840	ZYX	0,2729200701	6,83E-10	3,17E-08	0,221308813	0,0017025307	0,0255678561
ENSG00000234745	HLA-B	2,2882133857	2,03E-110	1,24E-107	2,2802098006	8,97E-113	8,19E-110
ENSG00000160223	ICOSLG	3,4285679671	8,20E-248	1,42E-244	3,4416028095	1,03E-218	2,34E-215
ENSG00000163545	NUAK2	3,1748554599	5,44E-85	2,65E-82	3,2891894371	7,64E-96	4,98E-93
ENSG00000169245	CXCL10	4,9220101162	3,57E-55	1,01E-52	8,4054198187	1,83E-94	1,17E-91
ENSG00000069493	CLEC2D	3,2990371796	1,24E-60	3,90E-58	3,5342574865	1,45E-78	7,74E-76
ENSG00000204592	HLA-E	0,6633440426	2,11E-25	2,54E-23	0,616047908	1,69E-15	1,49E-13
ENSG00000145901	TNIP1	2,0724368171	0	0	2,0278859147	5,11E-158	7,11E-155
ENSG00000104312	RIPK2	1,530573372	6,18E-139	5,36E-136	1,48650534	3,65E-82	2,12E-79
ENSG00000123240	OPTN	1,8439141738	0	0	1,7975448821	8,58E-123	8,57E-120
ENSG00000253522	MIR146A	3,1252395872	5,23E-53	1,43E-50	3,3553807205	2,68E-72	1,28E-69
ENSG00000168394	TAP1	2,133484775	1,16E-172	1,25E-169	2,102288878	1,51E-131	1,61E-128
ENSG00000146232	NFKBIE	2,3556587125	2,51E-100	1,42E-97	2,3570285443	3,87E-112	3,44E-109
ENSG00000205502	C2CD4B	2,8240766389	1,02E-59	3,13E-57	2,9440001323	6,26E-74	3,18E-71
ENSG00000167100	SAMD14	1,968880891	6,92E-82	3,04E-79	1,9532366462	6,55E-69	2,91E-66
ENSG00000113504	SLC12A7	1,5167426114	4,15E-182	4,79E-179	1,4720046424	9,48E-80	5,22E-77
ENSG00000100401	RANGAP1	0,734161048	1,53E-40	2,98E-38	0,6857346473	6,76E-20	8,09E-18
ENSG00000100767	PAPLN	2,3333813694	5,45E-84	2,62E-81	2,3421900636	1,39E-78	7,52E-76
ENSG00000058085	LAMC2	1,5563017335	4,74E-39	8,85E-37	1,5431664983	2,86E-53	1,04E-50
ENSG00000270607	RP11-359E10.1	2,3583292617	4,89E-69	1,73E-66	2,3854036344	1,47E-70	6,72E-68
ENSG00000107201	DDX58	1,5012228853	2,74E-111	1,71E-108	1,4595388552	1,70E-73	8,48E-71
ENSG00000081041	CXCL2	2,7611974874	1,47E-34	2,53E-32	3,0262033543	7,41E-43	2,09E-40
ENSG00000163132	MSX1	2,6841808818	1,16E-59	3,52E-57	2,7761598722	1,29E-66	5,51E-64
ENSG00000028277	POU2F2	2,0455258725	9,06E-66	3,11E-63	2,0466146728	3,97E-65	1,65E-62
ENSG00000050730	TNIP3	2,8821948106	1,24E-32	1,99E-30	3,229329092	1,37E-44	4,10E-42
ENSG00000128335	APOL2	1,5133291773	1,41E-113	8,96E-111	1,473090214	2,09E-70	9,41E-68
ENSG00000237988	OR2I1P	4,4316353562	2,72E-42	5,55E-40	7,8419334093	3,18E-67	1,37E-64
ENSG00000105246	EBI3	3,8838319039	1,60E-39	3,06E-37	5,0935025027	1,23E-59	4,89E-57
ENSG00000124145	SDC4	1,4542665515	3,11E-169	3,13E-166	1,407771963	6,90E-76	3,55E-73
ENSG00000115267	IFIH1	2,6847308482	8,78E-141	7,83E-138	2,6863181071	9,94E-139	1,10E-135
ENSG00000112096	SOD2	1,8279745474	7,10E-257	1,30E-253	1,7840242915	7,44E-121	7,21E-118
ENSG00000126561	STAT5A	1,427767403	1,85E-135	1,48E-132	1,382924375	6,59E-72	3,10E-69
ENSG00000144476	ACKR3	1,5682556483	2,16E-51	5,53E-49	1,5463153496	1,10E-43	3,14E-41
ENSG00000132481	TRIM47	1,8711044796	4,15E-122	3,01E-119	1,8400193127	3,47E-94	2,17E-91
ENSG00000115604	IL18R1	1,8098041608	6,44E-118	4,46E-115	1,7758792324	4,38E-102	3,18E-99
ENSG00000064042	LIMCH1	-1,6143226571	2,49E-58	7,39E-56	-1,697667608	1,06E-57	4,09E-55
ENSG00000075223	SEMA3C	2,429984315	6,61E-28	8,77E-26	2,6428794379	4,87E-34	1,04E-31
ENSG00000271856	RP11-861A13.4	4,0260833288	4,59E-42	9,31E-40	5,3162419344	7,11E-64	2,91E-61
ENSG00000107282	APBA1	-1,3781144614	4,78E-32	7,47E-30	-1,4667390864	1,85E-36	4,38E-34
ENSG00000163131	CTSS	2,6510485899	2,83E-83	1,32E-80	2,6929454478	4,65E-111	3,91E-108
ENSG00000120337	TNFSF18	1,6109282346	1,14E-116	7,58E-114	1,5716255441	8,91E-90	5,48E-87
ENSG00000166387	PPFIBP2	-1,284928174	2,23E-39	4,19E-37	-1,3608246629	7,19E-36	1,62E-33
ENSG00000213859	KCTD11	1,0944359177	1,77E-31	2,71E-29	1,0580714969	1,04E-23	1,52E-21
ENSG00000085831	TTC39A	2,2233698322	6,54E-21	6,50E-19	2,4578133228	9,15E-25	1,41E-22
ENSG00000163513	TGFBR2	0,541670539	1,29E-08	5,13E-07	0,4969789653	3,46E-09	1,81E-07
ENSG00000139174	PRICKLE1	-1,3503872763	3,95E-106	2,32E-103	-1,4142683759	3,02E-73	1,48E-70
ENSG00000184530	C6orf58	3,9068463399	5,88E-34	9,92E-32	6,0201724937	1,58E-51	5,42E-49
ENSG00000179862	CITED4	1,3651743627	3,65E-20	3,44E-18	1,3708051503	1,16E-22	1,59E-20
ENSG00000115008	IL1A	2,4882275271	8,23E-34	1,38E-31	2,6593891142	7,46E-43	2,09E-40
ENSG00000131037	EPS8L1	1,1210947764	3,83E-23	4,19E-21	1,0947789046	4,79E-20	5,76E-18
ENSG00000117228	GBP1	1,2453780727	3,47E-70	1,26E-67	1,2025593197	6,13E-52	2,15E-49
ENSG00000172738	TMEM217	1,9625570674	1,33E-56	3,83E-54	1,9639810453	3,00E-54	1,10E-51
ENSG00000168314	MOBP	2,2620103907	1,55E-22	1,63E-20	2,4845110741	2,38E-26	3,92E-24
ENSG00000134070	IRAK2	2,3232274073	2,55E-190	3,18E-187	2,2955364885	2,08E-141	2,46E-138
ENSG00000198535	C2CD4A	3,4781805788	1,86E-30	2,73E-28	4,577996172	1,20E-40	3,24E-38
ENSG00000163874	ZC3H12A	0,9755709624	4,88E-23	5,30E-21	0,9381369244	1,78E-18	1,98E-16
ENSG00000185291	IL3RA	2,2578306333	2,48E-38	4,60E-36	2,3420467737	8,82E-44	2,54E-41
ENSG00000105639	JAK3	2,3680580759	2,38E-35	4,18E-33	2,495057148	1,52E-41	4,18E-39
ENSG00000171223	JUNB	2,0454547158	1,48E-86	7,58E-84	2,0335078068	5,12E-81	2,87E-78
ENSG00000163347	CLDN1	2,2729798834	9,87E-23	1,05E-20	2,4949072106	1,73E-27	2,96E-25
ENSG00000181656	GPR88	1,9743808029	1,05E-21	1,07E-19	2,0975113695	4,44E-25	6,99E-23
ENSG00000164136	IL15	2,2163415136	8,74E-47	1,95E-44	2,2652411451	6,11E-47	1,90E-44
ENSG00000178695	KCTD12	-0,6935215934	3,44E-20	3,25E-18	-0,7539496907	7,25E-23	9,98E-21
ENSG00000176907	C8orf4	1,7175766033	1,63E-109	9,77E-107	1,6829692594	1,49E-81	8,50E-79
ENSG00000163734	CXCL3	2,6495490872	4,88E-25	5,74E-23	3,0321033172	4,77E-32	9,58E-30
ENSG00000185022	MAFF	1,3617906703	1,28E-48	2,95E-46	1,3309075932	1,13E-46	3,49E-44
ENSG00000163840	DTX3L	1,2439149758	1,56E-30	2,29E-28	1,2171662272	6,27E-38	1,55E-35
ENSG00000240065	PSMB9	2,1570071894	4,79E-32	7,47E-30	2,2505005445	4,07E-35	8,98E-33
ENSG00000204642	HLA-F	1,9629975205	4,12E-19	3,68E-17	2,1177972557	2,64E-22	3,53E-20
ENSG00000125347	IRF1	1,4813892525	1,48E-69	5,29E-67	1,4482064145	8,65E-58	3,37E-55
ENSG00000162772	ATF3	1,4905287068	5,77E-26	7,17E-24	1,4948349223	4,86E-33	1,00E-30
ENSG00000027697	IFNGR1	1,0666463595	1,10E-52	2,91E-50	1,0231240904	2,49E-36	5,76E-34
ENSG00000171408	PDE7B	-1,0956429052	2,24E-27	2,91E-25	-1,169170306	1,73E-29	3,09E-27
ENSG00000168685	IL7R	2,1261130305	1,02E-73	3,87E-71	2,125882044	2,32E-96	1,55E-93
ENSG00000177409	SAMD9L	1,2326987736	2,85E-22	2,97E-20	1,2162404685	5,73E-32	1,14E-29
ENSG00000136560	TANK	1,1986001814	4,12E-86	2,07E-83	1,1525846708	7,03E-51	2,34E-48
ENSG00000109320	NFKB1	1,5861262775	6,74E-117	4,57E-114	1,5459523059	6,58E-87	3,91E-84
ENSG00000139263	LRIG3	1,2583662419	1,70E-171	1,77E-168	1,2088786453	2,15E-62	8,69E-60
ENSG00000161940	BCL6B	1,1857031798	3,12E-137	2,56E-134	1,1369814172	6,66E-51	2,24E-48
ENSG00000108984	MAP2K6	-1,2988836519	1,20E-35	2,15E-33	-1,378263906	1,92E-39	4,90E-37
ENSG00000132109	TRIM21	1,0996995418	1,04E-45	2,24E-43	1,0587983659	4,22E-36	9,62E-34
ENSG00000136490	LIMD2	1,1691626468	2,97E-28	4,05E-26	1,1414650881	2,93E-31	5,74E-29
ENSG00000169403	PTAFR	1,9925161247	1,55E-18	1,34E-16	2,166927154	6,16E-21	7,66E-19
ENSG00000128274	A4GALT	0,9759861717	6,60E-15	4,58E-13	0,9518357944	6,31E-14	5,03E-12
ENSG00000083799	CYLD	1,2416212771	1,31E-36	2,37E-34	1,210521761	2,05E-42	5,70E-40
ENSG00000168310	IRF2	1,2611815763	1,05E-61	3,37E-59	1,2216681724	4,91E-47	1,54E-44
ENSG00000012211	PRICKLE3	0,9542435911	1,30E-17	1,06E-15	0,9224797711	1,10E-15	9,98E-14
ENSG00000121858	TNFSF10	1,6437216039	5,81E-53	1,58E-50	1,6268549998	2,36E-58	9,33E-56
ENSG00000111339	ART4	1,1434652634	3,50E-32	5,51E-30	1,1092601697	4,43E-36	1,00E-33
ENSG00000119917	IFIT3	1,4401124544	1,75E-31	2,69E-29	1,426688259	6,75E-31	1,29E-28
ENSG00000110446	SLC15A3	2,0728334804	2,77E-30	4,04E-28	2,1584288816	1,45E-33	3,05E-31
ENSG00000171608	PIK3CD	1,2534369423	6,93E-58	2,04E-55	1,2125359085	8,36E-40	2,17E-37
ENSG00000143387	CTSK	1,6924749579	9,84E-50	2,34E-47	1,6805693689	1,85E-49	5,96E-47
ENSG00000168961	LGALS9	1,1125855862	4,01E-10	1,90E-08	1,1324240248	3,44E-13	2,59E-11
ENSG00000197951	ZNF71	1,0068366021	1,03E-28	1,42E-26	0,967458386	3,97E-23	5,59E-21
ENSG00000135736	CCDC102A	1,0814559302	2,57E-17	2,05E-15	1,0619472932	9,57E-18	1,02E-15
ENSG00000162654	GBP4	2,4694358942	1,83E-72	6,80E-70	2,502767742	1,02E-97	7,09E-95
ENSG00000164342	TLR3	1,0729883257	4,53E-13	2,74E-11	1,0648394078	1,68E-16	1,62E-14
ENSG00000117226	GBP3	1,1673260082	9,08E-86	4,50E-83	1,1214295893	2,49E-47	7,88E-45
ENSG00000178726	THBD	-1,3366074191	7,87E-18	6,62E-16	-1,4528817816	3,55E-25	5,62E-23
ENSG00000214530	STARD10	1,5686305823	1,45E-35	2,58E-33	1,5633072958	1,11E-38	2,78E-36
ENSG00000138678	AGPAT9	-1,074076914	2,78E-35	4,85E-33	-1,1430936762	5,60E-32	1,12E-29
ENSG00000150048	CLEC1A	1,3181726899	1,70E-82	7,69E-80	1,2751911972	7,72E-55	2,87E-52
ENSG00000231925	TAPBP	1,3920011258	4,21E-115	2,73E-112	1,3480413157	1,26E-68	5,52E-66
ENSG00000133401	PDZD2	2,1935260511	5,54E-28	7,42E-26	2,3248274849	7,95E-40	2,08E-37
ENSG00000178078	STAP2	1,2952219036	7,45E-24	8,36E-22	1,28193951	3,40E-23	4,80E-21
ENSG00000135932	CAB39	0,9721314532	1,64E-51	4,25E-49	0,9256585597	1,46E-35	3,26E-33
ENSG00000159128	IFNGR2	0,9988202655	7,20E-75	2,85E-72	0,9511059149	1,21E-34	2,61E-32
ENSG00000213886	UBD	2,8579336827	3,76E-15	2,66E-13	7,6186044178	3,41E-22	4,51E-20
ENSG00000143457	GOLPH3L	1,0121461468	1,84E-150	1,74E-147	0,9607766432	1,80E-39	4,63E-37
ENSG00000173391	OLR1	2,9243560926	6,94E-16	5,11E-14	7,7114015901	5,57E-23	7,71E-21
ENSG00000156587	UBE2L6	0,8894178865	6,49E-20	6,05E-18	0,8515373492	1,57E-16	1,53E-14
ENSG00000272269	RP11-500C11.3	1,6980944183	2,38E-88	1,26E-85	1,6678950328	4,05E-66	1,70E-63
ENSG00000267607	CTD-2369P2.8	2,7563730961	4,52E-14	2,98E-12	7,4805566417	1,05E-20	1,30E-18
ENSG00000010030	ETV7	2,7457566819	2,29E-19	2,09E-17	3,5462544329	2,05E-25	3,29E-23
ENSG00000178038	ALS2CL	0,8197910042	1,21E-16	9,34E-15	0,7803985197	1,34E-12	9,59E-11
ENSG00000154639	CXADR	-0,990316646	1,28E-33	2,11E-31	-1,0564152322	1,54E-29	2,77E-27
ENSG00000165801	ARHGEF40	1,5270420873	1,41E-64	4,72E-62	1,4957938646	1,09E-51	3,79E-49
ENSG00000171227	TMEM37	-1,6561979626	5,51E-13	3,30E-11	-1,9016765305	1,14E-16	1,12E-14
ENSG00000145779	TNFAIP8	1,2807471389	1,29E-95	7,04E-93	1,2349523996	1,40E-55	5,28E-53
ENSG00000162616	DNAJB4	-0,6067247562	1,78E-20	1,72E-18	-0,6648872946	1,48E-19	1,73E-17
ENSG00000132530	XAF1	1,1147952712	4,55E-24	5,18E-22	1,0866278536	9,62E-23	1,32E-20
ENSG00000130589	HELZ2	1,2437473572	3,62E-48	8,24E-46	1,2062416729	8,37E-46	2,52E-43
ENSG00000119922	IFIT2	1,5683661644	2,62E-14	1,76E-12	1,6562895595	2,72E-16	2,58E-14
ENSG00000152689	RASGRP3	1,3095308987	1,10E-27	1,44E-25	1,2913579655	9,56E-31	1,82E-28
ENSG00000154721	JAM2	2,3790773905	3,68E-19	3,30E-17	2,7582655566	1,60E-23	2,30E-21
ENSG00000124212	PTGIS	1,3819788964	4,00E-34	6,86E-32	1,3607275428	7,75E-29	1,35E-26
ENSG00000125898	FAM110A	0,8045004636	2,60E-12	1,49E-10	0,7699331901	5,45E-11	3,40E-09
ENSG00000132003	ZSWIM4	1,7835170325	5,00E-74	1,92E-71	1,7616984729	1,40E-72	6,76E-70
ENSG00000153721	CNKSR3	1,5744433499	6,00E-29	8,43E-27	1,581266048	8,85E-39	2,23E-36
ENSG00000119714	GPR68	1,5883448343	3,47E-14	2,31E-12	1,6813999238	1,50E-15	1,35E-13
ENSG00000163121	NEURL3	2,6317169091	1,88E-13	1,18E-11	4,8947295863	2,82E-18	3,10E-16
ENSG00000204261	TAPSAR1	1,6732727579	1,31E-20	1,27E-18	1,7286495357	2,63E-22	3,53E-20
ENSG00000152784	PRDM8	1,3294980537	6,03E-25	7,07E-23	1,3177095327	2,45E-23	3,50E-21
ENSG00000155130	MARCKS	0,389283379	3,74E-63	1,23E-60	0,3369290495	4,18E-07	1,60E-05
ENSG00000149212	SESN3	-0,8914593198	1,68E-07	5,91E-06	-0,9948166535	7,71E-13	5,65E-11
ENSG00000100368	CSF2RB	1,086522779	3,49E-32	5,51E-30	1,0499093721	5,70E-33	1,17E-30
ENSG00000143466	IKBKE	1,2168233217	1,88E-88	1,01E-85	1,1726116768	3,24E-48	1,04E-45
ENSG00000167207	NOD2	2,8852388221	1,67E-18	1,44E-16	4,1387725935	8,46E-24	1,26E-21
ENSG00000100678	SLC8A3	2,5233254885	4,79E-12	2,67E-10	5,436416856	9,64E-17	9,51E-15
ENSG00000169085	C8orf46	2,941671321	4,65E-21	4,64E-19	3,9179192668	7,17E-28	1,23E-25
ENSG00000196776	CD47	1,0707635309	1,33E-137	1,12E-134	1,0211094014	8,26E-44	2,40E-41
ENSG00000102934	PLLP	1,7532332461	2,11E-39	3,99E-37	1,7574549603	3,20E-37	7,74E-35
ENSG00000160190	SLC37A1	0,9052511881	3,83E-22	3,97E-20	0,8662438352	9,61E-17	9,51E-15
ENSG00000167191	GPRC5B	1,3823338032	7,36E-50	1,77E-47	1,3510883965	5,59E-51	1,90E-48
ENSG00000178882	FAM101A	1,1246788915	8,01E-53	2,15E-50	1,0828435301	1,93E-39	4,90E-37
ENSG00000104825	NFKBIB	0,8519681937	5,10E-30	7,40E-28	0,8083231505	7,72E-22	1,01E-19
ENSG00000119801	YPEL5	0,8523382261	1,67E-50	4,09E-48	0,8034326357	4,90E-26	8,03E-24
ENSG00000181634	TNFSF15	1,4462287321	9,83E-34	1,63E-31	1,4304497633	2,37E-37	5,79E-35
ENSG00000129667	RHBDF2	1,209845191	1,05E-75	4,26E-73	1,1649981551	6,94E-44	2,05E-41
ENSG00000184602	SNN	0,8182838637	5,33E-28	7,16E-26	0,7740862573	1,48E-20	1,81E-18
ENSG00000100365	NCF4	2,8941165274	1,79E-17	1,45E-15	4,558251281	4,52E-24	6,78E-22
ENSG00000183018	SPNS2	0,936925318	9,23E-53	2,46E-50	0,8902983353	1,71E-29	3,07E-27
ENSG00000166949	SMAD3	1,3327042892	7,64E-157	7,45E-154	1,2851538162	1,07E-71	4,98E-69
ENSG00000130066	SAT1	1,1386827323	5,30E-51	1,33E-48	1,0984598053	4,24E-40	1,13E-37
ENSG00000110218	PANX1	1,0768063745	1,86E-23	2,05E-21	1,0458454628	7,65E-29	1,34E-26
ENSG00000160179	ABCG1	1,1978020136	1,21E-42	2,48E-40	1,1614780131	1,63E-33	3,40E-31
ENSG00000139899	CBLN3	1,7749568374	4,03E-34	6,87E-32	1,7931732267	3,03E-33	6,29E-31
ENSG00000090776	EFNB1	1,1141491289	4,80E-60	1,48E-57	1,0699057643	7,00E-41	1,91E-38
ENSG00000164400	CSF2	2,3154339761	2,30E-10	1,11E-08	4,5542622849	2,10E-13	1,62E-11
ENSG00000175155	YPEL2	0,9774657309	1,25E-18	1,10E-16	0,9464573628	2,72E-23	3,87E-21
ENSG00000003137	CYP26B1	-2,2810006304	7,15E-26	8,78E-24	-2,5718415447	3,28E-37	7,89E-35
ENSG00000205220	PSMB10	1,0542295728	1,89E-18	1,62E-16	1,0292991652	3,63E-16	3,41E-14
ENSG00000079156	OSBPL6	-0,8423507153	7,56E-14	4,92E-12	-0,9160285066	2,97E-15	2,58E-13
ENSG00000196878	LAMB3	0,9779145641	3,68E-49	8,64E-47	0,9332660731	2,34E-30	4,34E-28
ENSG00000251136	RP11-37B2.1	1,175736767	3,11E-10	1,48E-08	1,203718483	8,06E-11	4,92E-09
ENSG00000198832	SELM	1,3243560198	6,61E-21	6,55E-19	1,321494591	1,58E-24	2,43E-22
ENSG00000164035	EMCN	-0,8148736922	6,62E-38	1,22E-35	-0,8736185363	1,02E-28	1,77E-26
ENSG00000166900	STX3	-0,8112382042	3,76E-52	9,87E-50	-0,869513786	3,29E-31	6,42E-29
ENSG00000141682	PMAIP1	0,9122773462	1,14E-53	3,16E-51	0,8638748761	6,22E-29	1,09E-26
ENSG00000131669	NINJ1	0,9331764029	4,06E-34	6,89E-32	0,8906736714	8,86E-26	1,44E-23
ENSG00000069399	BCL3	1,4399547434	1,70E-47	3,81E-45	1,413913047	3,29E-46	1,00E-43
ENSG00000079102	RUNX1T1	-0,9307608665	3,98E-50	9,63E-48	-0,9911151505	2,07E-36	4,86E-34
ENSG00000227908	CTD-2031P19.3	2,0177091282	6,98E-14	4,56E-12	2,3325227057	4,64E-17	4,65E-15
ENSG00000166224	SGPL1	0,8871825355	8,85E-28	1,17E-25	0,8439625523	7,13E-25	1,11E-22
ENSG00000175183	CSRP2	0,8824094002	2,94E-12	1,67E-10	0,8563780143	1,68E-12	1,20E-10
ENSG00000138675	FGF5	1,2083757651	8,68E-21	8,49E-19	1,192502468	2,25E-25	3,60E-23
ENSG00000186827	TNFRSF4	2,6818395281	2,12E-13	1,33E-11	5,8841358772	1,11E-17	1,18E-15
ENSG00000112299	VNN1	2,4478075376	5,52E-14	3,63E-12	3,3660978538	1,64E-17	1,72E-15
ENSG00000178860	MSC	2,3445126763	7,26E-11	3,68E-09	4,183307096	4,71E-14	3,78E-12
ENSG00000155324	GRAMD3	1,197404697	1,20E-10	5,94E-09	1,2255824988	6,50E-11	4,00E-09
ENSG00000185442	FAM174B	-0,7748105921	7,12E-21	7,00E-19	-0,836626047	7,24E-22	9,49E-20
ENSG00000136883	KIF12	2,0232192296	1,85E-15	1,33E-13	2,2885773567	1,13E-18	1,27E-16
ENSG00000235947	EGOT	2,1402394932	1,02E-08	4,11E-07	6,7704547822	2,96E-12	2,03E-10
ENSG00000124721	DNAH8	-1,1389188952	5,99E-10	2,80E-08	-1,2678732696	2,92E-17	2,97E-15
ENSG00000159231	CBR3	1,5830629434	3,55E-48	8,15E-46	1,5647327275	2,29E-52	8,13E-50
ENSG00000065491	TBC1D22B	0,8987471183	4,95E-33	8,04E-31	0,8538972942	2,30E-26	3,80E-24
ENSG00000169242	EFNA1	1,430822148	8,26E-34	1,38E-31	1,4165954554	4,27E-40	1,13E-37
ENSG00000231360	AL592284.1	2,1385181127	3,12E-12	1,77E-10	2,7073184262	4,36E-15	3,72E-13
ENSG00000221926	TRIM16	0,7484751576	1,22E-21	1,24E-19	0,7029520377	3,73E-14	3,02E-12
ENSG00000272016	RP11-215G15.5	0,8452694137	3,28E-13	2,01E-11	0,8117914573	1,13E-12	8,17E-11
ENSG00000151014	CCRN4L	1,0704282914	1,96E-24	2,25E-22	1,0379114203	3,56E-24	5,36E-22
ENSG00000142961	MOB3C	1,0216448909	2,11E-16	1,60E-14	0,997961002	3,26E-15	2,82E-13
ENSG00000171236	LRG1	1,9828503818	1,30E-12	7,54E-11	2,3435370548	1,70E-15	1,49E-13
ENSG00000122861	PLAU	0,9552348921	5,97E-48	1,35E-45	0,9088760584	8,82E-30	1,62E-27
ENSG00000127191	TRAF2	0,7956672506	4,20E-17	3,26E-15	0,7563313941	4,45E-16	4,11E-14
ENSG00000175592	FOSL1	0,899465962	5,84E-87	3,04E-84	0,850193167	1,53E-30	2,88E-28
ENSG00000136842	TMOD1	1,9335525844	9,42E-15	6,43E-13	2,1656895527	6,25E-17	6,25E-15
ENSG00000111801	BTN3A3	0,8818166526	4,52E-27	5,80E-25	0,8389416662	3,24E-19	3,70E-17
ENSG00000048052	HDAC9	2,0398249416	6,45E-28	8,59E-26	2,129043477	5,04E-34	1,07E-31
ENSG00000145911	N4BP3	1,4736204651	9,25E-22	9,46E-20	1,4898252251	2,52E-29	4,48E-27
ENSG00000127472	PLA2G5	2,5627105791	2,66E-13	1,65E-11	4,2086612089	3,06E-17	3,10E-15
ENSG00000146374	RSPO3	1,1802878152	3,23E-38	5,96E-36	1,1440299676	8,21E-33	1,67E-30
ENSG00000165659	DACH1	-1,4258126144	1,41E-17	1,14E-15	-1,5561758479	7,59E-30	1,40E-27
ENSG00000213443	RP11-75L1.2	1,9346777671	2,34E-11	1,24E-09	2,3331573508	7,07E-14	5,62E-12
ENSG00000162009	SSTR5	-1,9847178768	5,21E-10	2,45E-08	-2,7085099871	2,12E-13	1,63E-11
ENSG00000176697	BDNF	-0,9718348646	3,71E-13	2,28E-11	-1,0585506837	4,57E-16	4,21E-14
ENSG00000134531	EMP1	-0,3561960126	1,41E-16	1,08E-14	-0,4110928344	1,93E-09	1,04E-07
ENSG00000064932	SBNO2	0,8052672199	1,36E-43	2,82E-41	0,7580102147	9,23E-22	1,19E-19
ENSG00000103241	FOXF1	1,0010150474	1,20E-20	1,16E-18	0,9686198954	2,33E-16	2,24E-14
ENSG00000111859	NEDD9	0,9548654601	3,22E-25	3,85E-23	0,9160581572	1,69E-26	2,83E-24
ENSG00000109079	TNFAIP1	0,9863070141	6,15E-77	2,56E-74	0,9377237493	1,37E-36	3,27E-34
ENSG00000081059	TCF7	0,7490770725	4,34E-13	2,63E-11	0,7092656194	3,96E-10	2,27E-08
ENSG00000171246	NPTX1	1,5437755562	2,23E-09	9,67E-08	1,7377387028	1,22E-11	8,01E-10
ENSG00000204264	PSMB8	0,7194776653	2,38E-26	3,00E-24	0,6716991695	1,59E-15	1,41E-13
ENSG00000106688	SLC1A1	-0,7281145592	5,26E-28	7,10E-26	-0,7863595313	2,43E-22	3,27E-20
ENSG00000034152	MAP2K3	0,6919322766	3,75E-46	8,30E-44	0,6419097183	1,11E-17	1,18E-15
ENSG00000125089	SH3TC1	0,769932674	2,49E-18	2,13E-16	0,7289249819	3,83E-16	3,58E-14
ENSG00000073849	ST6GAL1	1,2939908055	2,78E-60	8,68E-58	1,2554852844	1,42E-52	5,09E-50
ENSG00000100911	PSME2	0,7521802549	9,04E-17	6,98E-15	0,7116652869	4,03E-15	3,45E-13
ENSG00000134470	IL15RA	1,14266567	1,46E-50	3,65E-48	1,102594557	1,21E-34	2,61E-32
ENSG00000145777	TSLP	1,9455918704	1,21E-10	5,98E-09	2,4138779529	5,47E-13	4,04E-11
ENSG00000204682	CASC10	1,4969680253	2,35E-21	2,36E-19	1,5144410531	8,14E-22	1,06E-19
ENSG00000095739	BAMBI	-0,7256220657	7,47E-10	3,45E-08	-0,7977061864	2,09E-11	1,35E-09
ENSG00000013297	CLDN11	0,5132607014	3,04E-101	1,76E-98	0,4607939704	4,26E-12	2,89E-10
ENSG00000132274	TRIM22	0,7284138241	2,45E-54	6,84E-52	0,677227739	1,44E-20	1,77E-18
ENSG00000163932	PRKCD	0,8191968364	1,07E-44	2,30E-42	0,7708216872	1,26E-23	1,82E-21
ENSG00000221869	CEBPD	1,6006399433	3,20E-29	4,54E-27	1,608895375	1,05E-29	1,93E-27
ENSG00000185361	TNFAIP8L1	0,7771918437	1,53E-50	3,78E-48	0,7285886419	1,39E-21	1,78E-19
ENSG00000170689	HOXB9	1,7378248722	3,19E-17	2,51E-15	1,8396661331	4,34E-21	5,44E-19
ENSG00000197646	PDCD1LG2	1,039447671	7,18E-15	4,96E-13	1,0196899604	1,21E-17	1,28E-15
ENSG00000164116	GUCY1A3	2,0378162841	4,65E-11	2,42E-09	2,6004545429	4,70E-14	3,78E-12
ENSG00000184545	DUSP8	1,4677431444	6,70E-26	8,26E-24	1,4675244694	1,17E-23	1,71E-21
ENSG00000117707	PROX1	-1,1344720203	4,50E-11	2,34E-09	-1,2550165503	4,12E-19	4,69E-17
ENSG00000137767	SQRDL	1,1277151472	1,62E-13	1,03E-11	1,1255236894	1,74E-17	1,82E-15
ENSG00000071282	LMCD1	-0,8381025313	3,12E-13	1,92E-11	-0,9118384423	4,52E-14	3,65E-12
ENSG00000117525	F3	1,141484366	1,69E-08	6,68E-07	1,1822992014	5,09E-09	2,58E-07
ENSG00000127666	TICAM1	0,8478089211	4,29E-22	4,43E-20	0,8064954922	2,30E-18	2,55E-16
ENSG00000107968	MAP3K8	1,4061387971	6,57E-23	7,09E-21	1,4073405226	1,57E-22	2,13E-20
ENSG00000165685	TMEM52B	2,2255052244	1,75E-11	9,39E-10	3,0865735935	4,16E-15	3,56E-13
ENSG00000126603	GLIS2	0,8169098006	1,08E-12	6,28E-11	0,7834594541	7,02E-12	4,71E-10
ENSG00000143067	ZNF697	1,0599109702	5,52E-41	1,08E-38	1,0177442557	9,12E-35	2,00E-32
ENSG00000100403	ZC3H7B	1,0071657118	1,99E-50	4,86E-48	0,9618781013	9,95E-38	2,45E-35
ENSG00000149798	CDC42EP2	0,824286723	2,58E-26	3,25E-24	0,7806369468	6,07E-18	6,51E-16
ENSG00000169621	APLF	1,4850835236	3,00E-26	3,76E-24	1,4855907744	8,43E-25	1,31E-22
ENSG00000206503	HLA-A	0,9702526307	5,86E-24	6,63E-22	0,9350131142	9,76E-24	1,44E-21
ENSG00000113645	WWC1	1,9821211945	1,91E-13	1,20E-11	2,2937570194	1,01E-16	9,89E-15
ENSG00000099250	NRP1	-0,4477085014	1,03E-15	7,54E-14	-0,5037267432	1,62E-12	1,16E-10
ENSG00000163719	MTMR14	0,6167900075	1,27E-25	1,54E-23	0,5675343136	4,16E-13	3,10E-11
ENSG00000107821	KAZALD1	-1,2584175063	2,48E-09	1,07E-07	-1,4290087006	1,23E-11	8,07E-10
ENSG00000070404	FSTL3	1,1367843405	1,41E-32	2,25E-30	1,1027505315	2,76E-29	4,87E-27
ENSG00000187210	GCNT1	-0,810283335	6,19E-49	1,44E-46	-0,8686522938	4,71E-31	9,12E-29
ENSG00000133069	TMCC2	1,0655224354	2,65E-18	2,26E-16	1,0413789794	1,68E-16	1,62E-14
ENSG00000131409	LRRC4B	1,2286120575	5,75E-09	2,39E-07	1,2931498234	1,18E-10	7,13E-09
ENSG00000154451	GBP5	1,9943858201	1,17E-09	5,29E-08	2,7013678594	1,83E-12	1,29E-10
ENSG00000166394	CYB5R2	0,7721699116	5,04E-15	3,52E-13	0,7332646196	3,05E-12	2,09E-10
ENSG00000135114	OASL	1,7588781843	7,95E-09	3,25E-07	2,1951538388	4,01E-11	2,55E-09
ENSG00000100342	APOL1	1,2531146501	2,81E-41	5,63E-39	1,220028965	1,77E-35	3,93E-33
ENSG00000228536	RP11-392O17.1	1,8133355599	2,65E-07	9,08E-06	2,7825337115	1,93E-09	1,04E-07
ENSG00000167034	NKX3-1	1,3288960894	1,10E-13	7,08E-12	1,3585205916	2,32E-14	1,89E-12
ENSG00000185507	IRF7	0,8215554813	1,69E-07	5,94E-06	0,8084085248	4,12E-08	1,85E-06
ENSG00000082641	NFE2L1	0,4163030777	8,77E-15	6,01E-13	0,3652826186	2,25E-07	8,90E-06
ENSG00000187123	LYPD6	1,0651175069	6,52E-26	8,07E-24	1,0308782093	3,26E-25	5,18E-23
ENSG00000174059	CD34	1,1398279446	3,78E-27	4,88E-25	1,1102344592	7,81E-27	1,33E-24
ENSG00000178719	GRINA	0,8827381902	5,03E-32	7,80E-30	0,8396601415	7,97E-24	1,19E-21
ENSG00000104213	PDGFRL	0,7157193805	6,25E-09	2,58E-07	0,6828700248	1,96E-08	9,17E-07
ENSG00000149115	TNKS1BP1	0,7937837166	1,57E-44	3,35E-42	0,7459528472	8,49E-22	1,10E-19
ENSG00000105499	PLA2G4C	1,3700834848	2,18E-26	2,77E-24	1,3580795546	2,24E-23	3,20E-21
ENSG00000136048	DRAM1	0,7920643285	6,34E-77	2,60E-74	0,7409353033	1,66E-24	2,52E-22
ENSG00000105327	BBC3	0,7675324719	8,93E-18	7,49E-16	0,7261708499	7,85E-16	7,13E-14
ENSG00000125726	CD70	1,7425657502	2,95E-06	8,59E-05	6,1411549057	4,39E-09	2,26E-07
ENSG00000136052	SLC41A2	1,4333499044	8,49E-35	1,47E-32	1,4157227919	2,37E-40	6,38E-38
ENSG00000151883	PARP8	1,8613129101	1,10E-08	4,40E-07	2,4975836849	2,04E-11	1,31E-09
ENSG00000102802	MEDAG	-0,8347438802	1,41E-13	8,96E-12	-0,9069167651	6,00E-18	6,46E-16
ENSG00000161791	FMNL3	0,9264673265	7,14E-23	7,69E-21	0,8876008674	1,60E-24	2,45E-22
ENSG00000235505	RP11-693N9.2	1,3469892112	1,36E-24	1,58E-22	1,3375439579	6,56E-22	8,63E-20
ENSG00000166592	RRAD	1,8483589963	7,85E-10	3,61E-08	2,2813391338	1,28E-11	8,41E-10
ENSG00000011132	APBA3	0,8930821001	3,39E-32	5,39E-30	0,8498271597	3,31E-21	4,18E-19
ENSG00000152778	IFIT5	0,8207268163	3,50E-12	1,97E-10	0,788230332	2,76E-12	1,91E-10
ENSG00000146021	KLHL3	-1,0959705015	1,89E-17	1,52E-15	-1,1835895681	1,63E-20	1,97E-18
ENSG00000186918	ZNF395	-0,773292348	2,22E-10	1,07E-08	-0,8474414144	5,73E-13	4,22E-11
ENSG00000141384	TAF4B	1,0718802506	3,44E-12	1,94E-10	1,0663419997	7,55E-15	6,33E-13
ENSG00000261618	RP11-79H23.3	1,7194142734	3,90E-06	0,000111843	6,1379496776	6,43E-09	3,21E-07
ENSG00000176170	SPHK1	0,7314903002	6,03E-31	9,00E-29	0,6840743548	9,03E-18	9,65E-16
ENSG00000178764	ZHX2	0,6840384425	1,30E-09	5,84E-08	0,646055016	3,32E-08	1,50E-06
ENSG00000131323	TRAF3	1,0328139684	2,97E-31	4,45E-29	0,9936331075	1,50E-31	2,96E-29
ENSG00000111077	TENC1	-0,7990934352	1,90E-35	3,36E-33	-0,8569865373	1,32E-26	2,22E-24
ENSG00000108688	CCL7	2,0336815446	1,08E-08	4,36E-07	3,2634690098	5,88E-11	3,64E-09
ENSG00000185972	CCIN	1,3572832565	8,08E-13	4,77E-11	1,4017678544	6,24E-14	4,99E-12
ENSG00000171056	SOX7	0,5668602413	4,64E-29	6,55E-27	0,5167198577	1,05E-11	6,95E-10
ENSG00000173114	LRRN3	1,6915936882	6,09E-06	0,0001683766	4,3283970118	3,29E-08	1,49E-06
ENSG00000157368	IL34	2,1660436322	7,01E-10	3,25E-08	3,3547659657	8,97E-13	6,53E-11
ENSG00000104903	LYL1	-0,7808964197	6,24E-23	6,76E-21	-0,8418136115	3,07E-22	4,07E-20
ENSG00000019582	CD74	2,2064296838	2,08E-11	1,11E-09	3,0129058195	4,82E-15	4,08E-13
ENSG00000105974	CAV1	0,3451920881	7,83E-19	6,92E-17	0,2932091817	9,21E-06	0,0002734463
ENSG00000060982	BCAT1	-0,3231654192	1,07E-07	3,83E-06	-0,3791961842	1,23E-07	5,09E-06
ENSG00000140105	WARS	0,4199718572	1,99E-24	2,28E-22	0,3678696708	1,29E-07	5,30E-06
ENSG00000185862	EVI2B	-0,7076679534	1,25E-11	6,76E-10	-0,7751849257	7,67E-13	5,63E-11
ENSG00000230024	RP11-95P13.1	1,7285858568	4,09E-08	1,55E-06	2,2114928759	2,92E-10	1,70E-08
ENSG00000205683	DPF3	0,9303296416	1,10E-42	2,26E-40	0,885344948	6,79E-25	1,06E-22
ENSG00000117298	ECE1	0,3674869104	5,60E-19	4,98E-17	0,3157266591	3,07E-06	0,0001015302
ENSG00000167657	DAPK3	0,6902027415	1,08E-26	1,39E-24	0,6431442219	2,12E-15	1,85E-13
ENSG00000137491	SLCO2B1	1,6746650937	7,51E-06	0,0002040646	4,3274368507	4,19E-08	1,88E-06
ENSG00000113583	C5orf15	0,5895305846	2,65E-19	2,39E-17	0,5402358913	3,06E-12	2,09E-10
ENSG00000270055	CTD-3092A11.2	0,7999087977	2,83E-27	3,67E-25	0,7554364577	7,81E-19	8,85E-17
ENSG00000131979	GCH1	0,6852163136	1,70E-09	7,48E-08	0,6475915098	2,22E-08	1,03E-06
ENSG00000133110	POSTN	-1,3172986912	1,19E-12	6,90E-11	-1,4607784203	2,54E-16	2,42E-14
ENSG00000258376	RP4-647C14.2	1,0975302724	1,27E-18	1,11E-16	1,0759940117	6,92E-16	6,31E-14
ENSG00000138735	PDE5A	0,7895825474	1,40E-07	4,99E-06	0,7694825617	1,09E-08	5,27E-07
ENSG00000130813	C19orf66	0,7834761414	4,34E-11	2,27E-09	0,7515725796	6,83E-11	4,20E-09
ENSG00000068079	IFI35	0,6611564495	4,75E-09	2,00E-07	0,6235697941	1,17E-07	4,85E-06
ENSG00000103966	EHD4	0,3821615593	2,07E-23	2,29E-21	0,3296977083	1,76E-06	6,09E-05
ENSG00000068323	TFE3	0,6880712564	3,06E-44	6,49E-42	0,6380042855	7,25E-17	7,20E-15
ENSG00000158286	RNF207	1,4637857375	1,77E-24	2,03E-22	1,4669614441	9,13E-24	1,35E-21
ENSG00000185432	METTL7A	-0,6958621487	8,23E-15	5,66E-13	-0,7584393281	1,33E-17	1,40E-15
ENSG00000115525	ST3GAL5	-0,7011183192	5,52E-09	2,30E-07	-0,773362582	2,49E-10	1,46E-08
ENSG00000157214	STEAP2	-0,7556313389	3,75E-17	2,94E-15	-0,8210679404	3,15E-16	2,98E-14
ENSG00000272567	RP11-73K9.3	1,7712289927	8,90E-07	2,83E-05	2,9091368904	8,12E-09	3,98E-07
ENSG00000039560	RAI14	0,2892510544	0,0002517296	0,0048694774	0,2386460603	0,0020376264	0,0294805528
ENSG00000138496	PARP9	0,7550769127	4,47E-20	4,19E-18	0,7105625312	3,91E-17	3,94E-15
ENSG00000137509	PRCP	0,4239766393	2,26E-14	1,53E-12	0,3733976516	4,28E-07	1,63E-05
ENSG00000165449	SLC16A9	1,5811336645	9,19E-08	3,33E-06	1,9129485254	2,60E-09	1,37E-07
ENSG00000119508	NR4A3	1,7241851587	7,55E-07	2,42E-05	2,5623582992	2,34E-08	1,08E-06
ENSG00000135842	FAM129A	1,5397826366	2,03E-39	3,86E-37	1,5252436186	1,45E-50	4,79E-48
ENSG00000110077	MS4A6A	-1,5541994288	1,17E-09	5,26E-08	-1,8461966802	4,31E-13	3,21E-11
ENSG00000071575	TRIB2	-0,6978896154	1,16E-09	5,25E-08	-0,7680150878	4,23E-11	2,68E-09
ENSG00000125845	BMP2	0,7710982623	2,45E-65	8,32E-63	0,7198947357	4,95E-23	6,91E-21
ENSG00000131459	GFPT2	1,0252615647	1,80E-51	4,65E-49	0,9799396691	4,34E-34	9,30E-32
ENSG00000223749	MIR503HG	-0,6729116894	5,04E-05	0,001162963	-0,7622227546	2,06E-07	8,18E-06
ENSG00000110330	BIRC2	1,0006675107	2,33E-51	5,92E-49	0,9547055389	2,68E-36	6,15E-34
ENSG00000066697	MSANTD3	0,5564432264	6,46E-46	1,41E-43	0,5051725739	4,29E-12	2,90E-10
ENSG00000119938	PPP1R3C	-0,7198363245	1,50E-10	7,36E-09	-0,790560028	5,29E-11	3,32E-09
ENSG00000267194	RP1-193H18.2	-1,3443002609	2,98E-11	1,57E-09	-1,5145912925	2,28E-14	1,86E-12
ENSG00000241839	PLEKHO2	0,6583987936	9,25E-18	7,71E-16	0,6124896724	2,15E-13	1,65E-11
ENSG00000175354	PTPN2	0,5956620115	2,62E-22	2,74E-20	0,5466696999	2,50E-12	1,74E-10
ENSG00000134321	RSAD2	1,7269366634	2,37E-06	7,04E-05	3,0393073451	1,92E-08	8,98E-07
ENSG00000106560	GIMAP2	0,585003237	2,09E-09	9,10E-08	0,5431526321	1,76E-08	8,31E-07
ENSG00000136514	RTP4	1,7601567323	1,84E-06	5,56E-05	3,2781934027	3,06E-08	1,39E-06
ENSG00000157191	NECAP2	0,7053034504	2,33E-33	3,81E-31	0,6570089291	2,01E-17	2,09E-15
ENSG00000108771	DHX58	0,7528699731	3,05E-08	1,18E-06	0,7262618335	4,77E-08	2,10E-06
ENSG00000131203	IDO1	1,7756838705	1,51E-06	4,65E-05	3,313005567	2,77E-08	1,27E-06
ENSG00000176720	BOK	0,6047597393	3,03E-41	6,02E-39	0,5544233261	1,35E-13	1,06E-11
ENSG00000165092	ALDH1A1	-0,5555630685	4,75E-41	9,38E-39	-0,6102752384	6,96E-17	6,93E-15
ENSG00000107175	CREB3	0,6601410513	9,92E-21	9,64E-19	0,6136949607	1,14E-13	8,91E-12
ENSG00000161013	MGAT4B	0,426807848	9,22E-11	4,63E-09	0,3780159601	1,55E-06	5,42E-05
ENSG00000158270	COLEC12	0,6261557996	2,68E-16	2,04E-14	0,5806374288	7,41E-12	4,96E-10
ENSG00000230630	DNM3OS	1,3162639564	5,92E-14	3,89E-12	1,3436576553	9,02E-15	7,54E-13
ENSG00000139946	PELI2	-0,5951653553	3,15E-13	1,94E-11	-0,6562976557	9,93E-13	7,19E-11
ENSG00000164761	TNFRSF11B	1,4628258371	1,56E-09	6,93E-08	1,6049742335	5,39E-11	3,37E-09
ENSG00000140511	HAPLN3	0,6588513808	4,34E-12	2,42E-10	0,6176712627	4,24E-11	2,68E-09
ENSG00000157601	MX1	1,3582474403	2,67E-15	1,89E-13	1,385718525	2,58E-18	2,84E-16
ENSG00000187667	WHAMMP3	0,7567867683	7,32E-21	7,18E-19	0,7118853252	2,22E-14	1,82E-12
ENSG00000169247	SH3TC2	-1,2693630343	3,16E-17	2,50E-15	-1,3775589214	7,67E-20	9,15E-18
ENSG00000087085	ACHE	1,697345043	3,12E-07	1,06E-05	2,3032903205	1,18E-08	5,70E-07
ENSG00000064270	ATP2C2	1,5431599352	2,95E-05	0,000711044	5,8492105834	1,04E-07	4,37E-06
ENSG00000106025	TSPAN12	-0,671626434	8,31E-33	1,34E-30	-0,7297859558	2,78E-22	3,70E-20
ENSG00000189077	TMEM120A	0,8316372656	1,63E-13	1,03E-11	0,7993261216	8,08E-14	6,39E-12
ENSG00000152229	PSTPIP2	1,0560538338	2,22E-31	3,38E-29	1,0178085191	4,79E-31	9,22E-29
ENSG00000108960	MMD	0,9191023177	7,10E-42	1,43E-39	0,8727375223	2,04E-26	3,40E-24
ENSG00000185033	SEMA4B	0,5972961981	2,97E-14	1,99E-12	0,5509676379	2,77E-09	1,45E-07
ENSG00000145860	RNF145	0,6035307218	3,30E-49	7,81E-47	0,5526117369	2,84E-14	2,30E-12
ENSG00000141510	TP53	0,6348247185	4,79E-75	1,92E-72	0,5836223107	3,58E-16	3,37E-14
ENSG00000254703	FLI1-AS1	0,5558024983	9,13E-09	3,70E-07	0,5109589003	1,60E-06	5,58E-05
ENSG00000102760	RGCC	-0,7080248982	6,08E-07	1,99E-05	-0,7883086016	6,06E-09	3,06E-07
ENSG00000180398	MCFD2	-0,1691904157	0,0031016423	0,0430121967	-0,2240471439	0,0015944601	0,0242546137
ENSG00000026950	BTN3A1	0,8009997043	2,81E-21	2,81E-19	0,7573201629	2,77E-17	2,84E-15
ENSG00000169241	SLC50A1	0,7236651219	4,14E-16	3,09E-14	0,6818822236	7,78E-14	6,17E-12
ENSG00000135063	FAM189A2	1,1369446106	2,37E-07	8,16E-06	1,2036927804	1,39E-08	6,65E-07
ENSG00000239887	C1orf226	-1,044237629	7,93E-15	5,46E-13	-1,1333569002	1,76E-15	1,54E-13
ENSG00000091428	RAPGEF4	0,6060360609	4,67E-11	2,42E-09	0,5614169527	6,54E-08	2,82E-06
ENSG00000092010	PSME1	0,5859770277	6,01E-17	4,66E-15	0,5388297133	6,50E-11	4,00E-09
ENSG00000178685	PARP10	0,8178792941	2,17E-17	1,74E-15	0,7791408566	1,68E-14	1,38E-12
ENSG00000254429	CTD-2562J17.7	1,0348732883	2,93E-13	1,81E-11	1,0213629125	2,00E-12	1,41E-10
ENSG00000114251	WNT5A	1,2615591313	2,40E-08	9,32E-07	1,3463932478	2,28E-09	1,21E-07
ENSG00000153208	MERTK	-0,6606035217	2,97E-25	3,57E-23	-0,720050417	1,31E-20	1,61E-18
ENSG00000196387	ZNF140	0,5967150736	2,31E-11	1,23E-09	0,5513939185	5,87E-09	2,97E-07
ENSG00000184226	PCDH9	-0,9158374487	1,04E-07	3,75E-06	-1,0236904561	3,30E-13	2,49E-11
ENSG00000260336	RP11-395B7.7	0,8426931255	4,55E-28	6,17E-26	0,7983102781	1,62E-19	1,90E-17
ENSG00000169851	PCDH7	-1,0136095077	4,04E-23	4,40E-21	-1,0872968594	1,03E-32	2,08E-30
ENSG00000165684	SNAPC4	0,7155079668	4,27E-21	4,27E-19	0,6706207964	1,48E-15	1,34E-13
ENSG00000154040	CABYR	0,6081370316	9,80E-10	4,46E-08	0,5656205349	3,72E-07	1,44E-05
ENSG00000112308	C6orf62	0,2962167042	1,31E-15	9,50E-14	0,2436457793	0,0003551746	0,0069131429
ENSG00000139192	TAPBPL	0,6018111804	1,58E-06	4,84E-05	0,5667445465	8,57E-06	0,0002565887
ENSG00000140379	BCL2A1	1,4211497798	2,07E-09	9,02E-08	1,5438987057	1,47E-10	8,83E-09
ENSG00000168917	SLC35G2	0,5090866929	9,79E-13	5,74E-11	0,4594883214	4,66E-08	2,07E-06
ENSG00000206341	HLA-H	1,2907107268	3,84E-06	0,0001102459	1,4951232335	4,77E-08	2,10E-06
ENSG00000149573	MPZL2	-0,5833098499	2,32E-28	3,17E-26	-0,6404164187	3,71E-18	4,03E-16
ENSG00000187513	GJA4	-1,6894646168	2,94E-06	8,58E-05	-2,86539531	2,62E-08	1,21E-06
ENSG00000137486	ARRB1	0,7568481263	3,25E-26	4,05E-24	0,7105729741	2,41E-18	2,66E-16
ENSG00000266978	CTD-2369P2.5	1,5844184207	2,09E-05	0,0005190006	4,4991281388	2,62E-07	1,03E-05
ENSG00000158092	NCK1	0,544263379	3,50E-25	4,17E-23	0,4929676011	2,53E-11	1,62E-09
ENSG00000170293	CMTM8	-0,6834163259	2,20E-08	8,57E-07	-0,7551132753	4,34E-09	2,24E-07
ENSG00000132669	RIN2	0,6766046555	1,48E-16	1,13E-14	0,6314657161	1,73E-13	1,34E-11
ENSG00000174004	NRROS	-1,2818392423	1,06E-12	6,21E-11	-1,4168989681	4,40E-16	4,08E-14
ENSG00000184113	CLDN5	0,6264135758	7,63E-09	3,13E-07	0,5882929437	2,11E-09	1,13E-07
ENSG00000146242	TPBG	0,6278112801	8,33E-08	3,05E-06	0,5897414201	1,05E-06	3,79E-05
ENSG00000184058	TBX1	-0,9024490585	4,00E-17	3,12E-15	-0,9743160556	1,50E-20	1,83E-18
ENSG00000180672	AC007362.1	-0,5384889645	3,01E-10	1,43E-08	-0,5980995445	5,87E-10	3,35E-08
ENSG00000204574	ABCF1	0,6086402459	2,21E-55	6,32E-53	0,5575715625	1,82E-14	1,50E-12
ENSG00000101665	SMAD7	-0,9460210051	5,69E-15	3,96E-13	-1,0259283454	1,69E-15	1,49E-13
ENSG00000166073	GPR176	0,8686289204	1,27E-30	1,88E-28	0,8234207605	1,87E-24	2,84E-22
ENSG00000127528	KLF2	-0,7666958189	5,26E-22	5,40E-20	-0,8281365096	3,04E-19	3,48E-17
ENSG00000138449	SLC40A1	-0,7828766981	6,70E-44	1,40E-41	-0,8416244601	1,39E-29	2,53E-27
ENSG00000184451	CCR10	1,2325496242	3,88E-08	1,47E-06	1,31046161	1,03E-08	4,98E-07
ENSG00000186132	C2orf76	0,657964992	3,68E-08	1,40E-06	0,6220094427	3,61E-07	1,40E-05
ENSG00000078081	LAMP3	0,7946822261	8,23E-14	5,34E-12	0,756716091	3,08E-13	2,33E-11
ENSG00000146678	IGFBP1	-1,0572340501	1,19E-05	0,0003103161	-1,2550237654	7,02E-08	3,00E-06
ENSG00000111331	OAS3	0,9248534381	1,55E-27	2,03E-25	0,8832032615	1,01E-25	1,63E-23
ENSG00000185920	PTCH1	-0,8252636597	2,08E-10	1,00E-08	-0,9051958485	9,83E-13	7,14E-11
ENSG00000158769	F11R	0,4470231805	3,31E-16	2,48E-14	0,3962242269	1,71E-07	6,88E-06
ENSG00000164930	FZD6	0,6893242318	8,98E-23	9,59E-21	0,6415524334	3,71E-16	3,47E-14
ENSG00000148082	SHC3	-0,5931918436	2,08E-09	9,07E-08	-0,6572950554	1,02E-09	5,65E-08
ENSG00000151229	SLC2A13	-0,6649084217	4,19E-06	0,0001195157	-0,7443483158	1,44E-08	6,91E-07
ENSG00000099260	PALMD	-0,6885697905	3,01E-61	9,58E-59	-0,7438599303	6,48E-26	1,06E-23
ENSG00000164283	ESM1	0,7543944789	9,73E-30	1,39E-27	0,7065803967	1,76E-21	2,24E-19
ENSG00000127955	GNAI1	-0,719216018	5,06E-22	5,21E-20	-0,7806626425	2,08E-19	2,42E-17
ENSG00000231574	RP11-91K9.1	1,3927674907	0,0001758675	0,0035702138	3,8701296081	4,92E-06	0,0001556889
ENSG00000176641	RNF152	-0,8081942937	9,03E-15	6,18E-13	-0,8784716091	2,14E-18	2,39E-16
ENSG00000182197	EXT1	0,3972446561	3,84E-25	4,53E-23	0,3445274563	6,39E-07	2,38E-05
ENSG00000150630	VEGFC	0,6262197551	1,11E-31	1,71E-29	0,5764852196	9,98E-14	7,88E-12
ENSG00000117461	PIK3R3	-0,4579636557	2,06E-19	1,89E-17	-0,5140653296	3,14E-12	2,14E-10
ENSG00000171451	DSEL	1,2195835537	1,44E-22	1,52E-20	1,2011803541	2,12E-30	3,96E-28
ENSG00000035664	DAPK2	1,1243192163	9,56E-07	3,03E-05	1,2018923626	2,16E-07	8,57E-06
ENSG00000103642	LACTB	0,4557622671	1,18E-17	9,66E-16	0,4046585416	6,57E-08	2,82E-06
ENSG00000121236	TRIM6	-0,6292827329	2,13E-07	7,38E-06	-0,699619133	1,65E-08	7,84E-07
ENSG00000136367	ZFHX2	1,4376802898	2,04E-08	7,96E-07	1,6076015813	2,07E-09	1,11E-07
ENSG00000268297	CLEC4GP1	-0,9809444145	2,69E-06	7,92E-05	-1,1252913024	1,18E-07	4,89E-06
ENSG00000175573	C11orf68	0,6387605823	1,14E-22	1,21E-20	0,5912191878	1,76E-13	1,36E-11
ENSG00000172159	FRMD3	-1,1813804637	1,08E-28	1,48E-26	-1,2597953567	2,35E-36	5,48E-34
ENSG00000272463	RP11-532F6.3	1,2653496182	3,21E-08	1,23E-06	1,3558414401	4,66E-09	2,38E-07
ENSG00000146278	PNRC1	0,5342070804	1,08E-10	5,40E-09	0,4886655209	1,38E-08	6,65E-07
ENSG00000166455	C16orf46	1,3056945319	1,41E-07	5,02E-06	1,4377885775	2,10E-08	9,75E-07
ENSG00000185630	PBX1	-0,5688293068	2,14E-12	1,23E-10	-0,6296595231	4,96E-12	3,34E-10
ENSG00000111962	UST	0,9807967603	4,14E-06	0,0001182426	1,0196519457	3,18E-06	0,0001043063
ENSG00000196639	HRH1	0,7484219696	1,30E-18	1,13E-16	0,7040960736	4,09E-17	4,11E-15
ENSG00000142227	EMP3	0,5318166211	4,38E-11	2,28E-09	0,4859035727	1,72E-08	8,14E-07
ENSG00000198947	DMD	-0,7224918069	1,55E-09	6,87E-08	-0,7954223289	2,14E-12	1,50E-10
ENSG00000162599	NFIA	-0,6737059618	3,30E-16	2,48E-14	-0,7360742858	2,78E-19	3,19E-17
ENSG00000114742	WDR48	0,5944053619	2,55E-31	3,86E-29	0,5433413451	3,74E-13	2,80E-11
ENSG00000230266	XXYLT1-AS2	0,6846641594	1,89E-06	5,70E-05	0,6593612146	2,29E-06	7,79E-05
ENSG00000170271	FAXDC2	-0,9236117082	1,59E-09	7,03E-08	-1,0180248292	5,36E-11	3,36E-09
ENSG00000234883	MIR155HG	0,7441537449	4,12E-07	1,37E-05	0,7213951545	3,18E-07	1,24E-05
ENSG00000123610	TNFAIP6	1,3434850716	0,0002856802	0,0054551983	3,8008872307	9,31E-06	0,0002761421
ENSG00000254087	LYN	-0,740015614	3,07E-22	3,19E-20	-0,8014657319	4,18E-23	5,86E-21
ENSG00000139370	SLC15A4	0,6220466562	2,34E-14	1,57E-12	0,5758810831	5,57E-11	3,47E-09
ENSG00000103187	COTL1	0,4914545032	1,01E-28	1,40E-26	0,4407229699	8,64E-10	4,85E-08
ENSG00000261884	CTC-479C5.12	0,9411891156	7,28E-06	0,0001982894	0,9749653545	3,43E-06	0,0001109434
ENSG00000118707	TGIF2	0,4533313458	3,21E-16	2,42E-14	0,4026333356	1,48E-07	6,03E-06
ENSG00000127561	SYNGR3	1,5198495595	1,85E-08	7,25E-07	1,7382292825	8,08E-10	4,55E-08
ENSG00000178996	SNX18	-0,5467783386	1,86E-23	2,05E-21	-0,6042565889	2,54E-16	2,42E-14
ENSG00000110675	ELMOD1	-0,6521468854	3,55E-12	2,00E-10	-0,7152304058	1,55E-15	1,39E-13
ENSG00000132471	WBP2	0,5187647196	2,97E-19	2,68E-17	0,4697054909	1,83E-09	9,91E-08
ENSG00000014914	MTMR11	0,5272681864	2,89E-13	1,79E-11	0,478487862	4,49E-08	1,99E-06
ENSG00000144802	NFKBIZ	0,7889105135	1,20E-13	7,68E-12	0,7511607733	1,28E-12	9,24E-11
ENSG00000179630	LACC1	1,0259480339	3,87E-15	2,72E-13	1,0052759529	2,22E-19	2,58E-17
ENSG00000137462	TLR2	1,6590111977	5,45E-06	0,0001521725	2,805664356	1,16E-07	4,80E-06
ENSG00000160588	MPZL3	-0,51229472	8,06E-10	3,70E-08	-0,5714057703	2,14E-09	1,14E-07
ENSG00000136630	HLX	0,7596817412	0,0001379576	0,0028831569	0,7728676848	6,21E-06	0,0001911999
ENSG00000179148	ALOXE3	1,3682625169	0,0002483876	0,0048197697	3,2651176359	8,49E-06	0,0002548283
ENSG00000100055	CYTH4	1,3032512545	1,79E-05	0,000448581	1,5979636001	1,47E-06	5,17E-05
ENSG00000137628	DDX60	0,8608306224	3,39E-20	3,21E-18	0,8207682122	2,53E-19	2,92E-17
ENSG00000123609	NMI	0,4608710098	7,93E-14	5,15E-12	0,411308769	1,69E-07	6,81E-06
ENSG00000168209	DDIT4	-0,6125000443	1,68E-06	5,10E-05	-0,6836029519	3,66E-09	1,90E-07
ENSG00000067113	PPAP2A	0,6497408164	7,53E-11	3,81E-09	0,6088787592	8,89E-10	4,96E-08
ENSG00000205213	LGR4	-0,7888804193	1,18E-15	8,60E-14	-0,857100825	1,66E-16	1,61E-14
ENSG00000100567	PSMA3	0,2907339688	2,69E-09	1,16E-07	0,2392298003	0,0010358075	0,0171259218
ENSG00000237604	AP001056.1	1,3708152888	0,0001579481	0,0032487118	5,7824605201	1,96E-06	6,72E-05
ENSG00000197632	SERPINB2	0,9668944514	1,51E-23	1,68E-21	0,9291344648	1,31E-22	1,77E-20
ENSG00000039523	FAM65A	0,6432346324	1,37E-39	2,65E-37	0,5929902949	7,74E-16	7,05E-14
ENSG00000145506	NKD2	1,3449941895	0,0003119208	0,0058842518	3,2726650983	2,78E-05	0,0007344645
ENSG00000167987	VPS37C	0,5928680682	6,68E-21	6,60E-19	0,5429117929	2,97E-12	2,03E-10
ENSG00000205336	GPR56	0,6012122993	4,55E-73	1,71E-70	0,5492344663	6,60E-15	5,55E-13
ENSG00000162878	PKDCC	-0,7794645446	1,18E-08	4,72E-07	-0,8608606935	1,26E-09	6,96E-08
ENSG00000137496	IL18BP	0,5850087776	3,72E-06	0,0001068846	0,5484419079	5,04E-06	0,0001587632
ENSG00000073910	FRY	-0,4166278125	1,02E-07	3,67E-06	-0,4734544147	1,55E-08	7,41E-07
ENSG00000126709	IFI6	0,598471275	8,71E-07	2,78E-05	0,5622663237	7,37E-06	0,000223489
ENSG00000169744	LDB2	-0,561638384	2,92E-07	9,92E-06	-0,6262990883	1,80E-10	1,06E-08
ENSG00000232259	RP11-4C20.3	-1,4182399409	0,0001430886	0,0029804067	-2,8679403253	5,51E-06	0,000171791
ENSG00000164983	TMEM65	-0,501409818	2,43E-19	2,21E-17	-0,5583824521	1,06E-13	8,31E-12
ENSG00000130762	ARHGEF16	1,4892582443	2,09E-07	7,27E-06	1,7668495362	6,07E-09	3,06E-07
ENSG00000213088	DARC	1,3994856616	0,0001741093	0,0035368213	2,7420398906	6,07E-06	0,0001874635
ENSG00000165259	HDX	0,7157183833	1,07E-11	5,84E-10	0,6763321387	8,42E-11	5,13E-09
ENSG00000002587	HS3ST1	-1,2978587015	2,10E-06	6,30E-05	-1,5948506892	2,83E-08	1,30E-06
ENSG00000020577	SAMD4A	0,8078403847	5,74E-12	3,19E-10	0,7744248084	1,70E-15	1,49E-13
ENSG00000239713	APOBEC3G	0,6812122153	2,02E-07	7,07E-06	0,6497787743	3,08E-06	0,0001018446
ENSG00000084734	GCKR	0,897420177	2,20E-09	9,56E-08	0,8830640552	8,16E-09	4,00E-07
ENSG00000140464	PML	0,7055822154	1,94E-35	3,42E-33	0,6570932215	2,82E-17	2,88E-15
ENSG00000073282	TP63	1,4768134103	7,82E-05	0,0017365013	3,3800686749	3,34E-06	0,0001084087
ENSG00000154319	FAM167A	1,4267999377	0,0001330187	0,0027855369	2,8652728984	3,34E-06	0,0001083647
ENSG00000204525	HLA-C	0,8537000813	8,29E-24	9,27E-22	0,8126139482	3,79E-20	4,57E-18
ENSG00000175556	LONRF3	-1,1113780493	6,12E-10	2,85E-08	-1,2348540608	8,97E-13	6,53E-11
ENSG00000159202	UBE2Z	0,5447368229	9,31E-84	4,40E-81	0,4923004258	1,80E-12	1,28E-10
ENSG00000140950	TLDC1	0,7218617406	7,94E-25	9,24E-23	0,6745701993	3,76E-17	3,81E-15
ENSG00000185614	FAM212A	-0,7429346652	7,44E-07	2,39E-05	-0,8280277929	5,46E-08	2,38E-06
ENSG00000166888	STAT6	0,6965806739	3,90E-74	1,52E-71	0,6451252976	1,97E-19	2,30E-17
ENSG00000177105	RHOG	0,4266753409	7,49E-10	3,45E-08	0,3779630309	3,35E-06	0,0001084869
ENSG00000108395	TRIM37	0,652098732	3,11E-20	2,96E-18	0,6040313356	5,66E-15	4,77E-13
ENSG00000197245	FAM110D	-0,8561031386	2,19E-12	1,26E-10	-0,9328450073	1,18E-12	8,52E-11
ENSG00000270069	RP6-99M1.2	0,661502683	4,42E-07	1,47E-05	0,6295421222	1,18E-07	4,90E-06
ENSG00000147883	CDKN2B	0,7655873702	1,07E-09	4,85E-08	0,7339609358	9,04E-09	4,40E-07
ENSG00000186470	BTN3A2	0,5850175383	8,98E-13	5,28E-11	0,5381918847	4,51E-09	2,30E-07
ENSG00000100311	PDGFB	0,5157103439	6,00E-14	3,92E-12	0,4673128315	6,82E-09	3,38E-07
ENSG00000082482	KCNK2	-1,3402406913	0,0003390051	0,006299962	-2,9495871409	7,59E-06	0,000229608
ENSG00000170873	MTSS1	0,5657265272	2,77E-07	9,46E-06	0,5248682072	2,22E-08	1,03E-06
ENSG00000122873	CISD1	0,5651190699	3,52E-11	1,85E-09	0,5202488798	4,85E-09	2,47E-07
ENSG00000134107	BHLHE40	0,6160202481	1,02E-35	1,83E-33	0,5654850255	1,68E-14	1,38E-12
ENSG00000226808	LINC00840	-1,3576082247	5,82E-05	0,0013268055	-1,9663306942	1,36E-06	4,79E-05
ENSG00000164430	MB21D1	0,6486980491	9,62E-11	4,82E-09	0,6063377583	1,33E-09	7,33E-08
ENSG00000116514	RNF19B	0,3955567787	2,78E-13	1,73E-11	0,3446757042	6,17E-06	0,0001902717
ENSG00000050344	NFE2L3	0,7231134737	5,67E-69	1,99E-66	0,6716229131	6,14E-21	7,66E-19
ENSG00000173264	GPR137	0,6017206247	2,66E-17	2,12E-15	0,5545067492	1,52E-10	9,12E-09
ENSG00000172889	EGFL7	-0,3283822535	0,0001884909	0,0037846151	-0,3849839431	1,09E-05	0,0003192389
ENSG00000125733	TRIP10	0,5195171688	2,38E-20	2,27E-18	0,4702516488	1,85E-09	1,00E-07
ENSG00000065413	ANKRD44	-0,7289082965	3,81E-08	1,45E-06	-0,8060600153	8,58E-09	4,19E-07
ENSG00000167767	KRT80	-0,8782539849	8,54E-29	1,19E-26	-0,9422565741	1,18E-30	2,24E-28
ENSG00000128645	HOXD1	0,8775654156	5,97E-07	1,95E-05	0,8782687765	5,49E-07	2,06E-05
ENSG00000179256	SMCO3	1,2529489062	6,38E-06	0,0001758662	1,4462329353	9,33E-07	3,39E-05
ENSG00000156860	FBRS	0,419025153	3,62E-25	4,30E-23	0,3669337465	4,53E-07	1,73E-05
ENSG00000110047	EHD1	0,5997317439	9,92E-59	2,98E-56	0,5487236583	1,36E-14	1,13E-12
ENSG00000107562	CXCL12	-1,3751155019	2,09E-05	0,0005190176	-1,89446174	3,26E-07	1,26E-05
ENSG00000101421	CHMP4B	0,4937349982	5,62E-24	6,37E-22	0,4435223721	2,84E-09	1,49E-07
ENSG00000112559	MDFI	-0,5590899117	2,37E-19	2,16E-17	-0,6150293353	1,98E-14	1,62E-12
ENSG00000165899	OTOGL	-1,3535528605	8,86E-17	6,86E-15	-1,4773739799	5,01E-23	6,96E-21
ENSG00000158715	SLC45A3	-0,6858651601	1,15E-17	9,44E-16	-0,746517223	5,81E-16	5,32E-14
ENSG00000196843	ARID5A	0,6134048461	2,12E-12	1,22E-10	0,5688817844	3,49E-09	1,82E-07
ENSG00000159200	RCAN1	0,5806662648	6,91E-16	5,10E-14	0,5318346185	1,39E-11	9,06E-10
ENSG00000144746	ARL6IP5	0,2851217902	5,49E-08	2,05E-06	0,2337569185	0,0013993054	0,0219117101
ENSG00000103335	PIEZO1	0,4643504525	2,48E-09	1,07E-07	0,4158467885	9,71E-08	4,08E-06
ENSG00000137960	GIPC2	-0,5190895805	1,15E-07	4,11E-06	-0,5814147052	2,39E-09	1,26E-07
ENSG00000115194	SLC30A3	-0,6692379364	1,66E-08	6,55E-07	-0,7397847079	5,26E-09	2,67E-07
ENSG00000159842	ABR	0,7374288872	3,28E-57	9,57E-55	0,6868113064	1,34E-21	1,72E-19
ENSG00000231632	RP11-82L18.4	-1,3376169404	3,24E-05	0,0007743721	-1,8315409069	8,95E-07	3,27E-05
ENSG00000174791	RIN1	-0,6839675826	1,92E-11	1,03E-09	-0,7495258893	3,68E-13	2,76E-11
ENSG00000260941	LINC00622	1,422304672	0,0001396823	0,0029152958	2,8341655519	6,51E-06	0,0001995682
ENSG00000237181	AC147651.4	0,9427010304	1,91E-05	0,000477288	0,9850518309	1,31E-05	0,0003756957
ENSG00000223387	RP11-408H1.3	1,4068643214	0,0001483888	0,0030723473	2,5560129404	1,01E-05	0,0002961645
ENSG00000162645	GBP2	0,5460668783	6,11E-10	2,85E-08	0,500754274	1,50E-08	7,16E-07
ENSG00000160050	CCDC28B	0,6100655822	4,45E-07	1,47E-05	0,5734140314	3,30E-06	0,0001074312
ENSG00000132819	RBM38	0,4820533631	4,95E-11	2,55E-09	0,4340243674	1,54E-07	6,26E-06
ENSG00000267801	RP11-552F3.9	1,32984741	5,44E-05	0,0012461522	1,7535701614	7,93E-06	0,0002389412
ENSG00000185947	ZNF267	0,5329611919	1,87E-14	1,26E-12	0,483127191	1,07E-09	5,94E-08
ENSG00000170961	HAS2	0,9541597645	1,14E-05	0,0002966369	0,9965808654	5,75E-06	0,0001787029
ENSG00000057704	TMCC3	-0,4968266115	1,55E-13	9,85E-12	-0,5544341464	2,26E-12	1,58E-10
ENSG00000261594	TPBGL	1,2451754026	0,0008203316	0,0137916405	3,0758856968	4,52E-05	0,0011291639
ENSG00000184349	EFNA5	-0,6015523156	1,89E-21	1,92E-19	-0,6602695482	3,96E-16	3,69E-14
ENSG00000243649	CFB	1,3388748338	0,0001942079	0,003889394	2,0815091958	2,98E-05	0,0007781145
ENSG00000053108	FSTL4	-1,2344600526	2,09E-06	6,27E-05	-1,4884980978	3,94E-08	1,77E-06
ENSG00000133106	EPSTI1	1,1582401554	8,71E-06	0,000233086	1,2966867869	1,28E-06	4,54E-05
ENSG00000054967	RELT	0,4758113558	2,08E-07	7,23E-06	0,4284447141	2,77E-05	0,0007328739
ENSG00000176454	LPCAT4	-0,5469691084	7,98E-12	4,38E-10	-0,6055910529	1,53E-11	9,95E-10
ENSG00000137727	ARHGAP20	-0,5858757627	2,34E-07	8,08E-06	-0,6538343522	5,53E-08	2,40E-06
ENSG00000169604	ANTXR1	-0,5761247301	1,62E-09	7,16E-08	-0,6397233436	1,78E-10	1,05E-08
ENSG00000124508	BTN2A2	0,7775292035	8,50E-26	1,04E-23	0,731446895	2,80E-17	2,86E-15
ENSG00000142166	IFNAR1	0,5894352907	4,11E-44	8,67E-42	0,5373891772	5,08E-14	4,07E-12
ENSG00000174469	CNTNAP2	1,2810367235	0,0005514822	0,0097547314	3,3606283923	3,14E-05	0,0008166666
ENSG00000153233	PTPRR	1,196213122	0,0001320822	0,0027715045	1,4899625971	2,45E-05	0,0006590404
ENSG00000143801	PSEN2	0,5235857401	5,86E-09	2,43E-07	0,478761677	1,58E-06	5,49E-05
ENSG00000023171	GRAMD1B	-0,8749398241	1,27E-05	0,0003291934	-1,0002601167	6,69E-07	2,48E-05
ENSG00000164867	NOS3	-0,5113344755	1,85E-29	2,63E-27	-0,5660423128	1,77E-14	1,46E-12
ENSG00000170425	ADORA2B	-0,4405087058	2,53E-10	1,21E-08	-0,4980374207	6,73E-09	3,34E-07
ENSG00000151136	BTBD11	-0,520839911	4,99E-07	1,64E-05	-0,5851956613	7,25E-08	3,09E-06
ENSG00000077238	IL4R	0,6219815119	1,46E-39	2,81E-37	0,5704657204	9,31E-15	7,77E-13
ENSG00000169902	TPST1	0,5542583224	7,25E-30	1,04E-27	0,5022385473	8,99E-12	5,98E-10
ENSG00000173926	03-mars	0,4467294162	1,79E-20	1,72E-18	0,3956280057	6,74E-08	2,89E-06
ENSG00000167468	GPX4	0,3236026094	0,0001964666	0,0039295829	0,2762927723	0,0014378542	0,0223402133
ENSG00000141668	CBLN2	1,1881604479	7,26E-05	0,0016241462	1,4319502729	1,30E-05	0,0003743219
ENSG00000137752	CASP1	0,7917307583	1,64E-05	0,0004149105	0,7916201756	1,97E-05	0,0005417636
ENSG00000166401	SERPINB8	0,5851703823	2,26E-20	2,17E-18	0,535321049	2,14E-12	1,50E-10
ENSG00000159399	HK2	-0,6197896912	1,51E-13	9,61E-12	-0,6817505296	1,51E-15	1,36E-13
ENSG00000197576	HOXA4	0,5921724481	4,33E-06	0,0001230187	0,5566753422	1,50E-05	0,0004230669
ENSG00000075651	PLD1	0,5213235137	1,22E-07	4,35E-06	0,4772571027	5,80E-08	2,51E-06
ENSG00000163884	KLF15	-0,8902206708	4,91E-06	0,0001380287	-1,0125048222	2,40E-07	9,45E-06
ENSG00000172403	SYNPO2	1,2477804552	4,66E-05	0,0010800541	1,5342002008	5,83E-06	0,000180639
ENSG00000138172	CALHM2	-0,5165435291	6,56E-12	3,63E-10	-0,5745276084	1,70E-10	1,01E-08
ENSG00000123689	G0S2	0,5725129586	7,92E-05	0,0017561434	0,5420120256	8,05E-05	0,0018736618
ENSG00000127324	TSPAN8	-0,6218572398	3,97E-08	1,50E-06	-0,6908668103	1,25E-08	6,02E-07
ENSG00000139289	PHLDA1	0,3459935331	3,55E-08	1,35E-06	0,2955300602	0,0001954556	0,0041070089
ENSG00000158859	ADAMTS4	0,5392332169	1,44E-07	5,09E-06	0,4963926266	1,27E-06	4,54E-05
ENSG00000143994	ABHD1	1,1497478756	0,0015920485	0,0246153204	3,577427641	0,0001435968	0,003152029
ENSG00000065320	NTN1	1,2747336282	0,0001216149	0,0025778731	1,7017903679	1,19E-05	0,0003452792
ENSG00000184922	FMNL1	1,0945221246	1,27E-05	0,0003294563	1,2009835598	4,58E-06	0,0001453674
ENSG00000100219	XBP1	0,4833239017	1,16E-25	1,41E-23	0,4326427142	7,38E-09	3,63E-07
ENSG00000110900	TSPAN11	-0,6610179622	6,44E-07	2,09E-05	-0,7365448357	1,43E-07	5,86E-06
ENSG00000187608	ISG15	0,4911147979	0,0001298456	0,0027264078	0,4542170376	0,0001112819	0,002494087
ENSG00000156466	GDF6	-0,7924813339	9,34E-11	4,69E-09	-0,8690683233	3,75E-15	3,22E-13
ENSG00000141664	ZCCHC2	-0,667781734	3,10E-16	2,35E-14	-0,7294764217	3,24E-18	3,54E-16
ENSG00000114315	HES1	-0,7043439122	1,14E-06	3,56E-05	-0,7855261226	2,18E-08	1,01E-06
ENSG00000080189	SLC35C2	0,4097009094	1,11E-07	4,00E-06	0,3616003125	2,20E-05	0,0005998213
ENSG00000151702	FLI1	0,4093255782	4,02E-17	3,13E-15	0,3576612703	4,66E-07	1,77E-05
ENSG00000206418	RAB12	0,3507737929	1,36E-15	9,82E-14	0,2990825079	5,49E-05	0,0013481739
ENSG00000173801	JUP	0,5756024215	8,49E-09	3,45E-07	0,5341480242	1,21E-08	5,86E-07
ENSG00000113361	CDH6	-0,9369505061	7,34E-05	0,0016391246	-1,1060552571	1,98E-06	6,75E-05
ENSG00000170989	S1PR1	0,5717445825	5,86E-30	8,47E-28	0,5210848316	8,15E-13	5,96E-11
ENSG00000203485	INF2	0,4800685868	7,92E-29	1,11E-26	0,4294214466	6,21E-09	3,11E-07
ENSG00000157870	FAM213B	0,4616098994	5,27E-12	2,94E-10	0,4125788385	2,80E-07	1,09E-05
ENSG00000137522	RNF121	0,5236268238	8,89E-12	4,87E-10	0,4764206825	1,90E-08	8,91E-07
ENSG00000183779	ZNF703	-0,7034687193	1,76E-17	1,42E-15	-0,7652898826	4,54E-18	4,92E-16
ENSG00000188157	AGRN	0,6467852955	9,68E-18	8,02E-16	0,6003819367	2,80E-13	2,13E-11
ENSG00000198807	PAX9	-0,8719045094	3,26E-05	0,0007787417	-1,0054029672	1,90E-06	6,53E-05
ENSG00000161010	C5orf45	0,5498045006	3,23E-12	1,83E-10	0,5036328019	1,87E-08	8,78E-07
ENSG00000257443	RP11-150C16.1	1,2265204094	0,0010117654	0,0165369848	2,8353350329	0,0001966302	0,0041262644
ENSG00000235387	LINC00961	-0,4744876778	2,53E-06	7,47E-05	-0,5356729447	1,24E-07	5,11E-06
ENSG00000168010	ATG16L2	0,6477837017	1,70E-10	8,31E-09	0,607612127	4,70E-09	2,39E-07
ENSG00000062716	VMP1	0,3388899647	2,62E-05	0,0006383884	0,2904277722	0,0004934615	0,0092282207
ENSG00000250961	CTD-2023N9.1	-1,2961580346	0,00010419	0,0022483396	-1,8476735793	3,59E-06	0,000115072
ENSG00000110931	CAMKK2	0,5066375431	7,79E-25	9,10E-23	0,4551146932	6,87E-10	3,91E-08
ENSG00000137834	SMAD6	-0,6145754236	1,36E-19	1,25E-17	-0,6730190951	1,58E-15	1,41E-13
ENSG00000143013	LMO4	-0,4255058974	6,55E-12	3,63E-10	-0,4808459241	1,45E-09	7,91E-08
ENSG00000122863	CHST3	-0,5824352195	5,33E-18	4,51E-16	-0,6413790551	2,39E-16	2,29E-14
ENSG00000198795	ZNF521	-0,6246974647	4,22E-15	2,96E-13	-0,6852887412	1,10E-16	1,08E-14
ENSG00000152402	GUCY1A2	-1,1845059676	2,47E-05	0,0006030309	-1,4722252506	1,41E-07	5,78E-06
ENSG00000151692	RNF144A	-0,5317978828	2,85E-06	8,34E-05	-0,597837277	7,41E-07	2,73E-05
ENSG00000254912	RP11-632K20.2	1,2154543222	1,33E-05	0,0003426711	1,3994843238	2,97E-06	9,85E-05
ENSG00000080815	PSEN1	0,4660415579	4,70E-20	4,39E-18	0,4140017634	2,07E-08	9,64E-07
ENSG00000135378	PRRG4	1,1598927139	0,000273597	0,0052469407	1,4656072947	4,62E-05	0,0011491869
ENSG00000170485	NPAS2	-0,4564132032	3,13E-10	1,49E-08	-0,5147996795	7,95E-11	4,86E-09
ENSG00000168884	TNIP2	0,5269527967	7,17E-18	6,05E-16	0,4781794472	1,37E-09	7,50E-08
ENSG00000117318	ID3	0,4546266923	5,54E-10	2,60E-08	0,4069713983	7,19E-07	2,66E-05
ENSG00000101017	CD40	0,5405434155	1,08E-05	0,0002835272	0,5032927087	2,27E-05	0,0006176798
ENSG00000135750	KCNK1	0,8066917461	8,86E-05	0,0019463251	0,8254673128	4,30E-05	0,001083228
ENSG00000234902	AC007879.2	1,0601377274	0,002319565	0,0337885462	4,9952138692	7,27E-05	0,00172371
ENSG00000130309	COLGALT1	0,4243119545	1,31E-18	1,13E-16	0,3730140091	2,38E-07	9,37E-06
ENSG00000146376	ARHGAP18	-0,4287319983	1,03E-08	4,15E-07	-0,4869633317	2,20E-10	1,29E-08
ENSG00000162783	IER5	0,6023175945	3,29E-15	2,33E-13	0,5564247781	6,47E-11	4,00E-09
ENSG00000260641	RP11-1299A16.3	-0,8185857548	1,85E-08	7,25E-07	-0,905345344	1,51E-09	8,23E-08
ENSG00000116863	ADPRHL2	0,4695575002	1,41E-11	7,65E-10	0,4213277814	2,62E-07	1,03E-05
ENSG00000161267	BDH1	-0,6815874455	7,56E-08	2,78E-06	-0,754976674	2,86E-08	1,31E-06
ENSG00000105643	ARRDC2	0,4434679211	1,44E-06	4,45E-05	0,3970450244	7,30E-05	0,0017274929
ENSG00000169291	SHE	-0,6995793009	2,69E-17	2,14E-15	-0,7618661978	1,22E-20	1,50E-18
ENSG00000086062	B4GALT1	0,8319588541	6,21E-46	1,36E-43	0,7832805037	9,78E-27	1,65E-24
ENSG00000007944	MYLIP	-0,5326786496	3,74E-09	1,59E-07	-0,5939089833	8,86E-10	4,96E-08
ENSG00000107372	ZFAND5	0,2990645455	1,64E-06	5,01E-05	0,2480088573	0,000879866	0,0149577213
ENSG00000136720	HS6ST1	0,4852554028	1,52E-18	1,32E-16	0,4340602144	7,46E-09	3,67E-07
ENSG00000135148	TRAFD1	0,4913557909	1,21E-25	1,47E-23	0,4393707647	1,95E-09	1,05E-07
ENSG00000165806	CASP7	0,4539937782	2,31E-15	1,64E-13	0,4026858771	1,08E-07	4,49E-06
ENSG00000224321	RP11-169K16.6	1,186205607	0,0004787867	0,0085955715	1,6196721402	7,28E-05	0,00172371
ENSG00000187239	FNBP1	0,5802672573	8,62E-14	5,58E-12	0,5329723372	5,38E-11	3,37E-09
ENSG00000108639	SYNGR2	0,4586275024	3,20E-19	2,88E-17	0,4085862744	9,61E-08	4,04E-06
ENSG00000164512	ANKRD55	0,6309665438	1,23E-06	3,82E-05	0,597444722	1,07E-05	0,0003142518
ENSG00000100979	PLTP	0,3991173008	1,59E-14	1,08E-12	0,3477202732	3,58E-06	0,0001149677
ENSG00000261971	RP11-473M20.7	0,8255522019	2,59E-05	0,0006298626	0,8352541316	2,59E-05	0,000692462
ENSG00000116815	CD58	0,5218048331	1,38E-07	4,92E-06	0,4779520855	7,68E-06	0,0002322115
ENSG00000224594	RPL29P19	1,2313147072	0,0009867026	0,0162379193	2,4588428125	7,88E-05	0,0018380784
ENSG00000257093	KIAA1147	0,5501540658	2,31E-06	6,87E-05	0,5101699324	1,39E-07	5,69E-06
ENSG00000142552	RCN3	0,4995451915	1,50E-09	6,68E-08	0,4539380845	1,82E-07	7,28E-06
ENSG00000003987	MTMR7	0,8530464841	5,88E-08	2,18E-06	0,8402124998	6,02E-08	2,60E-06
ENSG00000018699	TTC27	0,470396638	3,84E-19	3,43E-17	0,4190589151	1,38E-08	6,64E-07
ENSG00000232490	OSBPL10-AS1	1,2522006494	0,000518756	0,0092387134	1,9420422263	6,59E-05	0,0015820663
ENSG00000204397	CARD16	0,5770503276	9,82E-07	3,10E-05	0,5383695109	1,85E-06	6,38E-05
ENSG00000197261	C6orf141	-0,9111480142	9,11E-08	3,31E-06	-1,0162295921	1,79E-10	1,06E-08
ENSG00000110318	KIAA1377	-0,661053232	2,04E-12	1,18E-10	-0,7256676693	1,36E-14	1,13E-12
ENSG00000137331	IER3	0,4566775137	3,68E-06	0,0001058979	0,4129271249	9,14E-06	0,0002716486
ENSG00000270246	SNORD109A	-1,055265192	1,93E-05	0,0004824885	-1,2556947456	6,68E-07	2,48E-05
ENSG00000155099	TMEM55A	-0,5647458948	8,45E-11	4,25E-09	-0,6251092833	4,32E-10	2,48E-08
ENSG00000129467	ADCY4	0,3907821016	5,08E-05	0,0011702282	0,3450153553	0,0005325815	0,0098617062
ENSG00000118508	RAB32	0,3729129393	2,33E-09	1,01E-07	0,3224830687	3,56E-05	0,0009127744
ENSG00000115226	FNDC4	0,398970121	4,50E-09	1,90E-07	0,349596205	3,87E-05	0,0009883265
ENSG00000142875	PRKACB	-0,4101483132	2,53E-05	0,0006169996	-0,4714255204	2,72E-08	1,25E-06
ENSG00000135480	KRT7	-0,2631034577	5,34E-08	1,99E-06	-0,3167334059	1,60E-05	0,000450536
ENSG00000223764	RP11-54O7.3	-1,131851151	0,0002539621	0,0049005114	-1,498787155	1,34E-05	0,000383262
ENSG00000101000	PROCR	-0,1844197093	0,0024458997	0,0353155771	-0,2380420971	0,001591625	0,0242230167
ENSG00000087494	PTHLH	0,6350895595	3,33E-06	9,66E-05	0,6041768747	1,08E-05	0,0003153272
ENSG00000123342	MMP19	0,7764079213	1,67E-06	5,09E-05	0,7616875302	2,67E-06	8,93E-05
ENSG00000105339	DENND3	0,4906119767	2,30E-15	1,64E-13	0,4404108067	7,31E-09	3,61E-07
ENSG00000164089	ETNPPL	-1,2214023361	0,0010584737	0,0171566215	-2,4416170404	5,27E-05	0,0012981619
ENSG00000132470	ITGB4	-0,5689385475	2,94E-07	9,98E-06	-0,6355500017	2,86E-08	1,31E-06
ENSG00000142634	EFHD2	0,3127383267	3,28E-16	2,47E-14	0,2610627173	0,0002618658	0,0053205528
ENSG00000099992	TBC1D10A	0,5639828795	1,17E-05	0,0003046157	0,5285815173	6,30E-05	0,0015191461
ENSG00000137463	MGARP	-0,5932146718	2,47E-10	1,18E-08	-0,655669516	4,49E-13	3,34E-11
ENSG00000145687	SSBP2	-0,4678594287	5,87E-07	1,92E-05	-0,5290340254	4,10E-07	1,58E-05
ENSG00000164690	SHH	1,1337784378	0,0019847431	0,0297301753	3,1884473036	0,0002454097	0,0050148936
ENSG00000093167	LRRFIP2	0,3958146267	3,65E-14	2,41E-12	0,3444233845	2,24E-06	7,61E-05
ENSG00000167703	SLC43A2	0,4093037782	3,77E-13	2,31E-11	0,3584172935	3,13E-06	0,0001030537
ENSG00000254887	CTC-378H22.1	1,1747102331	0,0016462621	0,0253412279	2,2523664363	0,0002903134	0,0058026368
ENSG00000189120	SP6	1,1783910042	1,66E-05	0,0004195748	1,3446695612	2,86E-06	9,54E-05
ENSG00000125538	IL1B	1,0960629207	0,0022617822	0,033116906	3,7285148664	0,0002268025	0,00468559
ENSG00000079335	CDC14A	1,1275085234	5,66E-16	4,20E-14	1,1143574789	3,13E-21	3,97E-19
ENSG00000198075	SULT1C4	1,1416070728	4,42E-10	2,08E-08	1,1655368468	1,55E-11	1,01E-09
ENSG00000198771	RCSD1	1,2426408709	0,0002483819	0,0048197697	1,7087197904	2,92E-05	0,0007652531
ENSG00000142303	ADAMTS10	0,7101262955	4,67E-06	0,0001318159	0,6901654729	9,78E-06	0,0002889517
ENSG00000259498	RP11-244F12.3	0,893596305	3,57E-08	1,36E-06	0,8853000444	4,59E-08	2,04E-06
ENSG00000125266	EFNB2	-0,6328443875	4,18E-13	2,55E-11	-0,6951967603	4,07E-16	3,78E-14
ENSG00000136717	BIN1	0,3849710425	7,75E-08	2,85E-06	0,336539858	4,46E-05	0,0011172631
ENSG00000126860	EVI2A	-0,9884678329	3,01E-05	0,0007230169	-1,1661961545	1,56E-06	5,45E-05
ENSG00000134363	FST	-0,4432461139	1,21E-13	7,78E-12	-0,4995990546	4,75E-11	2,99E-09
ENSG00000262251	RP11-199F11.2	0,7092989151	4,79E-05	0,0011061125	0,6976388341	8,18E-05	0,0018999056
ENSG00000172731	LRRC20	-0,4530184827	8,62E-07	2,75E-05	-0,5126731389	8,60E-08	3,63E-06
ENSG00000259712	CTD-2184D3.5	1,1650125408	0,000821843	0,0138089105	1,6622383226	0,0001798441	0,0038216881
ENSG00000162670	BRINP3	1,1105534045	0,0024991242	0,0359013232	3,0175064287	0,000350508	0,0068347996
ENSG00000156804	FBXO32	0,4997134337	1,40E-10	6,91E-09	0,4513431107	6,99E-07	2,59E-05
ENSG00000180354	C7orf41	0,535951108	8,59E-08	3,13E-06	0,4924834135	3,73E-07	1,44E-05
ENSG00000138336	TET1	-0,7936688529	8,80E-06	0,0002350091	-0,897065221	4,98E-07	1,88E-05
ENSG00000120875	DUSP4	-0,5932977551	1,03E-08	4,15E-07	-0,6588236575	1,75E-10	1,04E-08
ENSG00000170175	CHRNB1	0,7672031638	1,73E-06	5,25E-05	0,7542168559	2,82E-07	1,10E-05
ENSG00000100065	CARD10	-0,3552234176	4,88E-09	2,05E-07	-0,4099201759	2,21E-07	8,73E-06
ENSG00000102931	ARL2BP	0,2765688776	1,26E-06	3,89E-05	0,225576976	0,0032590905	0,0426887432
ENSG00000006468	ETV1	-0,6057120368	1,55E-07	5,46E-06	-0,6745202509	4,43E-08	1,98E-06
ENSG00000172716	SLFN11	0,5510360908	5,95E-14	3,90E-12	0,5024314963	9,06E-11	5,51E-09

