Locus	FPKM(9DPA)	FPKM(Control)	Fold_Change	P-value	LOG_FC
c25055_g1	14,5916846852	3,9356118573	3,7076025823	4,88E-17	0,569093176
c60720_g2	80,9163141652	22,5605460702	3,5866292382	0	0,5546864845
c44950_g1	24,9695985976	6,9296592307	3,6032938657	6,56E-74	0,5566996823
c43598_g1	6,8371396824	2,0494978313	3,3360072785	5,45E-19	0,5232269895
c43494_g1	7,8006004345	1,9370275699	4,0270983004	2,35E-28	0,6049922307
c42532_g2	27,8896060819	1,3296328905	20,9754183131	3,95E-116	1,3217106307
c53067_g3	8,2233063244	2,7190427154	3,0243387784	7,74E-56	0,4806304381
c55028_g2	3,4258919883	1,0242052823	3,344927084	3,07E-13	0,524386655
c46011_g1	52,9141845816	12,177562905	4,3452195644	7,33E-172	0,6380117263
c49908_g2	6,6423151521	2,1590705508	3,0764697103	2,15E-08	0,4880526436
c64832_g1	96,7748415907	15,592319986	6,2065710348	5,32E-167	0,7928517303
c53099_g4	3,4441634122	1,0851520042	3,1738995079	5,28E-07	0,501593172
c61635_g1	27,4938319482	8,2658496806	3,3261954924	4,17E-33	0,5219477707
c44524_g2	17,0873223551	4,648561501	3,6758301146	3,97E-28	0,5653554314
c53425_g4	6,0019612404	1,548631249	3,8756555147	3,46E-10	0,5883451681
c41286_g1	5126,6311539513	1655,6795480373	3,0963909411	0	0,4908557882
c56083_g1	13,7708941782	2,5387539037	5,4242729703	7,83E-117	0,7343415368
c32806_g1	118,2634424668	25,8377307028	4,5771605807	1,98E-195	0,6605961491
c52025_g3	3,271338008	0,8911876363	3,6707623341	4,81E-07	0,5647562667
c42382_g1	40,8053211035	12,9962707072	3,1397715562	4,79E-99	0,4968980508
c49689_g2	6,9719907129	1,0658595641	6,5411907421	9,92E-18	0,8156568134
c47745_g2	3,1557359343	0,7781299872	4,0555382601	1,25E-08	0,6080485029
c49694_g1	55,9050798047	15,2743510907	3,6600625109	4,82E-156	0,5634885029
c44214_g1	7,0448797068	1,8747823757	3,7577053199	1,84E-17	0,5749227196
c26008_g1	31,7859596308	7,1153327656	4,4672485009	8,33E-50	0,6500401118
c61934_g2	33,9241816862	10,7057821319	3,1687719093	5,81E-146	0,5008909795
c53977_g1	184,1345024251	53,8048679684	3,4222647388	0	0,5343136026
c41079_g1	85,6788799452	23,1126309862	3,7070154409	1,32E-128	0,569024395
c41341_g2	3,0150925494	0,6894392766	4,373253239	6,67E-08	0,6408046265
c37614_g1	3,6454210316	1,1126696405	3,276283363	2,14E-07	0,5153814565
c64774_g1	3,0536310108	0,6880729916	4,4379463343	1,30E-07	0,6471820462
c62309_g2	24,1307373864	7,496378538	3,2189859762	3,24E-28	0,5077190846
c61353_g3	4,6406747275	1,4720935574	3,1524319254	8,82E-09	0,4986457171
c49880_g1	205,1715117006	66,9402076775	3,0649966413	1,49E-224	0,4864300029
c53429_g1	5,4982126761	0,9031090868	6,0880936273	1,71E-34	0,7844813227
c61663_g1	7,51729026	1,6711304005	4,4983265565	3,42E-20	0,6530509799
c39953_g1	8,0067267516	0,129528813	61,814252513	5,67E-55	1,7910886219
c59565_g3	167,6324823067	54,1581752889	3,0952387412	8,13E-214	0,4906941525
c45155_g2	13,5608068954	2,2317543885	6,0762989715	1,93E-46	0,7836391343
c48069_g2	38,9992372972	12,7395312125	3,0612772673	1,46E-115	0,4859026665
c25119_g1	6,4191368985	0,5254836573	12,2156737109	5,35E-19	1,0869174239
c48029_g1	17,2754863215	5,6182265946	3,0749002431	2,92E-28	0,4878310308
c48529_g1	204,9441054478	59,7397286785	3,4306166094	0	0,5353721859
c59474_g2	5,3989588624	1,1858887943	4,5526687565	7,09E-09	0,658266053
c60161_g1	6,7772247788	1,7362432067	3,9033844755	5,91E-69	0,5914413305
c46074_g3	350,2487931288	75,1048476164	4,6634645332	0	0,6687086782
c45711_g1	1892,2700227085	405,3796654238	4,6678957632	0	0,6691211494
c59777_g2	43,2213850289	9,4261115357	4,5852825808	9,73E-143	0,6613661054
c41292_g1	35,5179351882	1,3377404082	26,5506932223	2,16E-112	1,4240758647
c61571_g3	4,4452198713	1,0899244258	4,0784661452	3,36E-40	0,6104968616
c62154_g2	3,0389677166	0,7625835696	3,9850946675	1,98E-11	0,6004386427
c42487_g1	5,5656094613	1,2629325564	4,4068936485	1,17E-17	0,6441325698
c59850_g4	14,6124089126	3,6960506239	3,9535196889	1,90E-42	0,596983906
c44474_g2	3,1646218182	1,007914672	3,1397715562	5,03E-05	0,4968980508
c56538_g2	51,5338736538	13,6504123282	3,7752613192	2,57E-216	0,5769470184
c59357_g3	4,2445675854	0,4634987893	9,157667039	7,43E-15	0,9617848491
c55928_g1	26,1111050274	7,0473085518	3,7051173275	9,00E-85	0,568801965
c57589_g2	4,0220431793	0,9423438473	4,2681269592	1,73E-08	0,6302373294
c44448_g3	17,3164882668	4,0627671655	4,2622398876	3,46E-23	0,629637889
c50905_g2	16,5103078256	4,265053195	3,8710672694	1,29E-51	0,5878307183
c58207_g3	49,875629563	14,0046333437	3,5613663235	1,13E-260	0,5516166477
c62398_g1	213,0354985434	60,046979079	3,5478137587	0	0,5499608136
c45874_g1	4,613879288	1,4074038709	3,2782908896	1,60E-14	0,5156474868
c54412_g2	4,0812341012	1,3526901083	3,0171242298	6,19E-05	0,4795931926
c52638_g2	11,1325813851	0,7035562381	15,8232999464	5,41E-126	1,1992970606
c38942_g1	118,2179400171	20,75877888	5,6948407563	8,99E-250	0,7554815845
c44373_g3	21,203481593	3,2872682864	6,4501828709	4,39E-42	0,8095720276
c34599_g1	11,8864225505	2,2653004802	5,2471725736	1,93E-30	0,7199253479
c50115_g4	7,8682281452	2,5024328672	3,144231459	5,66E-22	0,4975145086
c56517_g1	32,2589192846	10,620717489	3,0373578168	1,58E-124	0,4824959571
c55732_g3	9,0705066962	3,0145112098	3,0089477414	1,18E-16	0,4784146451
c56318_g4	5,2212051727	0,1750447555	29,8278297841	2,27E-20	1,4746216561
c46311_g1	4,91438299	1,3043366643	3,7677258675	4,69E-10	0,5760792968
c52907_g3	8,9425127165	1,9400382062	4,6094518591	4,73E-25	0,6636492836
c57032_g1	4,6208350765	1,1580673563	3,9901263527	2,06E-08	0,6009866484
c13754_g1	7,5430025143	2,1757629118	3,4668310933	7,18E-12	0,539932683
c47578_g1	50,9662564411	4,3429319645	11,735448968	0	1,0694997092
c49499_g3	27,372035539	9,0065133164	3,0391378525	1,07E-26	0,4827503997
c42661_g2	5,0523884766	0,7252543039	6,9663681404	1,95E-13	0,8430064212
c54397_g1	3,6060685299	0,9688137087	3,7221485384	7,68E-12	0,5707937004
c42069_g1	7,2073732119	2,0567758776	3,5042093261	7,23E-14	0,5445900411
c53694_g1	3,1754698127	0,6846194883	4,6382988899	3,18E-18	0,6663587309
c43816_g1	335,8059326886	89,7227104654	3,7427082948	0	0,5731859797
c41090_g1	3,1340254746	0,1663616508	18,8386293373	1,86E-16	1,2750493012
c50266_g4	270,438156685	54,0900953992	4,9997722261	0	0,6989502197
c42450_g1	22,6697920116	2,9797668435	7,6079080016	6,07E-105	0,8812652523
c60377_g2	14,4913175568	3,8831928568	3,7318047522	7,98E-61	0,5719189134
c41491_g1	5,063263488	1,3119633505	3,8593025379	5,61E-08	0,5865088251
c51502_g15	9,8728901766	1,084297003	9,105337513	1,44E-23	0,9592960487
c42412_g1	5,5557181427	0,8269667978	6,7181876681	1,77E-17	0,8272521314
c41215_g1	318,9510579902	14,7539389616	21,6180274854	0	1,3348160647
c45254_g4	41,881956016	10,1729329711	4,1169991127	1,74E-183	0,6145807734
c47013_g1	5,3476844108	1,6761730709	3,1904130329	2,09E-16	0,5038469107
c57356_g2	3,8119866892	0,7241981083	5,2637346678	2,90E-12	0,7212939894
c42046_g1	27,7376664096	4,8041480352	5,7736910284	2,58E-101	0,7614535395
c57364_g2	7,9666396684	1,7191551069	4,6340435698	1,10E-56	0,6659601128
c44235_g1	6,6017047669	0,6983747106	9,4529550782	8,51E-56	0,9755675941
c41157_g1	5,3951293957	1,6662488122	3,2378894173	1,86E-10	0,5102620123
c58901_g5	22,4685808399	5,5388257689	4,0565603212	4,60E-52	0,6081579383
c5029_g1	110,6764230418	35,944607003	3,0790828519	0	0,4884213751
c34396_g1	58,9978904989	13,9732819592	4,2221928013	1,50E-135	0,625538061
c52607_g3	15,8245345966	4,5953190778	3,4436204165	7,11E-28	0,537015274
c33689_g1	7,8006879932	1,1042116853	7,0644860015	8,66E-21	0,8490805689
c44129_g2	5,0451612483	1,6711304005	3,0190111117	8,59E-10	0,4798647115
c43508_g4	18,1629228289	5,3963472275	3,3657809743	6,24E-80	0,5270858512
c59162_g2	10,6301339882	3,3791904678	3,1457634867	5,16E-32	0,4977260672
c52653_g1	9,8942226558	2,1431357901	4,6167035711	1,36E-20	0,6643319903
c41079_g2	7,187819295	1,8314247814	3,9247144453	2,11E-10	0,5938080638
c39811_g1	361,9421314275	40,4070255047	8,9574059686	0	0,9521822578
c58988_g3	70,6660400541	12,7574468528	5,5391992512	6,61E-184	0,7434469875
c49503_g4	17,0583565226	4,7833334175	3,5662068758	4,91E-65	0,552206533
c52455_g2	827,7875803936	241,9658207524	3,4210930197	0	0,5341648828
c59743_g3	31,6260632716	4,1709016528	7,5825483083	5,18E-58	0,8798151859
c53173_g2	20,8370861999	6,0035179293	3,4708126877	6,87E-68	0,5404311764
c55647_g1	8,170838125	0,1756872288	46,5078661765	1,09E-41	1,6675264141
c51963_g1	10,3002012046	2,9343335853	3,5102352562	4,20E-33	0,5453362239
c52156_g2	45,8238864944	13,9146992702	3,2931999179	4,92E-121	0,5176180959
c45155_g1	4,5301029955	1,1051333073	4,0991461984	2,19E-12	0,612693408
c48226_g1	19,3839539512	4,7599989858	4,0722601011	1,97E-54	0,6098355092
c41430_g1	31,9346842698	7,0754932764	4,5134216121	1,15E-140	0,6545059041
c55750_g2	123,55635178	29,0101721572	4,2590699259	0	0,6293147704
c31112_g1	34,6031802482	5,1039941727	6,779627695	1,20E-60	0,8312058451
c48152_g2	17,0765705263	4,7213961725	3,6168476235	5,25E-54	0,5583302125
c60983_g3	26,6229872954	7,2289236463	3,6828425085	1,54E-29	0,5661831473
c57927_g4	3,3506567132	0,4632657582	7,2326880491	6,84E-09	0,8592997341
c52565_g3	3,4052463115	0,9089580777	3,7463183341	2,94E-05	0,5736046777
c60963_g2	495,9502603907	149,3698494045	3,3202835938	0	0,5211751795
c55929_g2	3,7282181266	1,0554817791	3,5322430007	8,16E-08	0,5480505732
c53649_g3	7,6563466434	2,0054989166	3,8176767786	4,45E-13	0,5817991563
c44038_g1	7,6006591292	1,824347047	4,1662353342	1,05E-17	0,6197437979
c46131_g1	7,9821812986	0,2353963808	33,9095328072	1,26E-37	1,5303218063
c51260_g2	26,8799034386	4,4021210258	6,1061254974	1,05E-175	0,785765726
c44239_g1	30,6147858861	7,312980898	4,186362075	6,28E-62	0,6218367874
c61684_g4	4,5152142294	1,0404647619	4,3396128295	3,33E-17	0,6374509845
c44448_g2	24,9729533585	6,8662071454	3,6370812633	6,20E-48	0,5607530046
c54677_g2	3,0389677166	0,8370979724	3,6303608619	2,41E-05	0,5599497965
c51187_g2	6,4017402018	1,4545155377	4,4012869136	7,72E-21	0,6435796805
c48761_g1	3,2779320978	0,9517979477	3,4439369257	7,37E-13	0,5370551889
c49755_g5	18,5902657338	4,6233159554	4,020981026	4,53E-22	0,6043320238
c55284_g2	29,9826725615	6,1812100447	4,8506153883	1,57E-79	0,6857968402
c60760_g3	15,6201641931	3,9846370277	3,9200971342	6,70E-33	0,5932968283
c42445_g1	19,2893088353	5,1010952139	3,7814053701	1,78E-84	0,5776532366
c58684_g2	4,6760997254	1,4354815285	3,2575129896	4,50E-09	0,5128861562
c53499_g4	26,4845243519	7,1691286041	3,6942459557	2,72E-135	0,5675258066
c49833_g1	43,5108486941	2,360734651	18,4310628372	0	1,2655503798
c58040_g2	5,1221833262	1,2630094941	4,0555382601	3,64E-12	0,6080485029
c52024_g1	47,0502056694	12,8999632259	3,6473131625	4,21E-185	0,5619730539
c53893_g1	62,4589616568	20,6025108802	3,0316189138	2,91E-228	0,4816746079
c59977_g2	7,4809341577	2,4667295022	3,0327338895	1,34E-08	0,4818343043
c43508_g3	16,4900098081	4,6312893173	3,5605656823	3,89E-90	0,5515190017
c55781_g2	23,7738713408	5,8930215669	4,03424136	1,97E-102	0,6057618776
c37078_g1	55,113657874	2,9311743477	18,8025860414	0	1,2742175847
c43230_g1	30,1904005948	9,9433973637	3,0362258985	1,19E-102	0,4823340804
c53839_g2	25,6151468983	6,4732393652	3,9570832242	1,47E-74	0,5973751843
c44524_g1	30,3952996784	7,9150672069	3,8401821341	1,02E-70	0,5843518228
c39843_g1	16,7121853334	3,1473588675	5,3099077789	3,02E-34	0,7250869784
c42858_g1	16,3616439755	4,0610045767	4,0289646727	2,11E-51	0,6051934594
c50763_g3	318,5740054231	103,8348926468	3,0680823883	0	0,4868670177
c61002_g4	38,7107276338	10,304964695	3,7565123976	4,02E-87	0,5747848265
c40323_g1	5,9107754929	0,048270501	122,4510906925	4,73E-27	2,0879626578
c41754_g1	66,2437138317	18,3674869065	3,6065747137	1,99E-125	0,5570949335
c52758_g3	3,3877017169	0,8791561735	3,8533560008	2,24E-09	0,5858391341
c59554_g2	75,3514536298	23,3352495577	3,2290828278	1,31E-274	0,5090791851
c40618_g2	21,3626979474	4,7939419544	4,4561861931	2,09E-69	0,6489633287
c45440_g1	25,1176558237	3,8383048912	6,5439449277	2,62E-87	0,8158396358
c48304_g1	10,6155721609	3,0053346156	3,5322430007	6,59E-39	0,5480505732
c48463_g3	61,3718038596	17,7234656265	3,4627428491	3,01E-84	0,5394202411
c57198_g1	358,9533945822	71,8714064226	4,9943838927	0	0,6984819213
c35623_g1	97,4541692768	22,7367224282	4,2862013021	1,02E-151	0,6320725639
c58460_g2	4,2512929417	0,6279482703	6,7701324181	3,92E-09	0,8305971632
c35699_g1	4,2173429537	1,0233909128	4,1209501675	4,85E-08	0,6149973629
c62524_g2	41,0841103818	4,7699600356	8,6130932073	0	0,935159147
c44474_g5	6,2621152949	1,7728438541	3,5322430007	1,04E-08	0,5480505732
c52438_g2	10,4564181555	2,0393020195	5,1274495172	3,04E-20	0,7099013932
c47653_g2	9,3858801062	1,9077341473	4,9199098939	2,92E-17	0,6919571489
c50586_g1	5,6511030744	1,2211968101	4,6275121483	3,36E-23	0,6653475675
c41769_g1	173,2709162468	57,0854604605	3,0352898067	6,21E-224	0,4822001634
c41414_g1	3,2876105298	0,6553190675	5,0168088996	6,70E-15	0,7004275582
c47990_g1	50,3708899033	14,0695393363	3,5801378211	2,19E-92	0,5538997456
c42239_g1	15,4316412624	4,6537151169	3,3159832252	3,89E-27	0,5206123249
c47101_g1	632,8105307335	128,0234504037	4,9429266962	0	0,6939841699
c48828_g2	182,9837695892	41,9106507603	4,3660445798	0	0,6400881658
c41054_g1	3,450297274	0,703296471	4,9058930566	1,36E-11	0,6907180768
c43639_g1	49,9012312562	14,3529121845	3,4767321513	2,39E-118	0,5411712338
c65084_g1	3,1744397715	0,4229193772	7,5060163766	2,05E-10	0,8754095076
c50589_g1	109,2683702009	12,2591816317	8,9131863352	0	0,9500329858
c58196_g4	24,7896439144	2,4327456616	10,1899858688	3,57E-96	1,0081735817
c58249_g2	7,0003321386	2,0214743946	3,4629833341	2,84E-11	0,5394504015
c57726_g1	20,9682620692	3,4196327681	6,1317291918	3,20E-64	0,787582966
c40694_g1	14,2535938253	3,7106034155	3,8413142633	6,89E-30	0,5844798389
c40277_g1	6,2050097061	1,4443787895	4,2959712171	8,68E-18	0,6330613629
c38923_g1	26,3236752994	5,1710506176	5,0905855011	4,01E-42	0,7067677362
c49517_g1	18,1681833466	5,910542916	3,0738603213	1,86E-59	0,4876841289
c58934_g1	44,1302691231	10,5573802946	4,1800397345	3,70E-114	0,6211804101
c39982_g1	33,4810408781	4,8505978776	6,902456506	1,76E-108	0,8390036787
c49332_g1	12,6306257526	4,0276258432	3,1359977923	1,23E-49	0,4963757483
c58575_g3	3,8706095129	1,2111403695	3,1958389054	5,78E-10	0,5045848795
c59291_g2	7,0036815798	2,1694010319	3,2283941405	3,58E-09	0,5089865504
c55780_g2	27,7868099017	6,3461800335	4,378509553	6,27E-60	0,6413263016
c49635_g2	10,5018753224	2,1938942694	4,7868648316	3,26E-34	0,6800511643
c54758_g3	5,665723362	1,3296328905	4,2611185406	1,28E-10	0,6295236161
c50387_g1	12,2723064113	3,0540801451	4,0183314871	9,11E-44	0,6040457605
c55276_g4	184,0714001404	55,1994632224	3,3346592411	3,69E-272	0,5230514613
c48955_g3	37,8277100393	6,2270137634	6,0747754022	5,90E-279	0,7835302257
c57406_g2	24,5281667337	7,9856883396	3,0715156528	4,13E-42	0,4873527329
c53002_g2	143,4705067236	26,5695337605	5,3998127335	0	0,7323786987
c48370_g1	169,7076136116	30,5742708227	5,5506675726	0	0,7443452184
c52980_g2	3,01923416	0,8072771121	3,7400220008	2,96E-07	0,572874157
c37428_g1	11,4605437583	2,1403846531	5,3544318503	7,62E-29	0,7287133954
c54956_g1	3,6417793457	0,5754476772	6,328602043	2,23E-08	0,8013077871
c55399_g1	6,3019283124	1,9669396898	3,2039255423	9,90E-27	0,5056824147
c48495_g1	69,9906762774	17,0882805087	4,0958290825	7,41E-219	0,6123418254
c52438_g3	13,1940588427	4,0021288496	3,296760134	1,03E-15	0,5180873499
c51444_g2	198,4229878606	28,1151189783	7,0575190528	0	0,8486520593
c51736_g2	11,0792697442	0,4159041269	26,6389992973	5,71E-46	1,4255179064
c37881_g1	22,1670071898	5,1953885395	4,2666697633	2,05E-45	0,6300890301
c40894_g1	13,4033945598	1,6211041399	8,268065098	3,02E-59	0,9174038874
c53252_g4	23,7498291273	3,3494568998	7,0906507645	1,63E-93	0,8506860956
c51517_g4	7,8723735136	1,1282884814	6,9772701249	2,15E-28	0,843685537
c42532_g1	199,5569073441	42,5534312038	4,6895609049	0	0,6711321806
c42404_g1	40,8311761815	3,2931605312	12,398780987	0	1,0933789887
c54420_g3	9,3010830115	2,4246246827	3,836091861	1,76E-12	0,5838889985
c46074_g5	207,7100416027	50,2221691892	4,1358237797	0	0,6165620259
c47312_g1	8,3540411307	2,6353760731	3,1699616673	3,21E-29	0,5010540106
c50401_g2	52,2388802058	6,8948048634	7,5765567324	0	0,8794718795
c35201_g1	3,1531073492	0,892664335	3,5322430007	1,96E-05	0,5480505732
c57557_g1	276,8078306312	74,2616970056	3,7274643833	0	0,5714135024
c59437_g2	83,9659043566	15,2661334154	5,5001421822	0	0,7403739164
c41084_g1	115,2163696534	34,0198582742	3,3867386726	1,02E-194	0,5297816869
c60560_g6	10,6487909581	2,9550412608	3,6036014452	2,23E-32	0,5567367524
c50585_g2	50,3235380991	13,7291739993	3,6654454304	1,07E-161	0,5641267583
c46559_g1	13,5478455899	3,4979572967	3,8730734657	1,25E-42	0,5880557349
c57198_g3	85,5924681102	12,0372959913	7,1106059178	0	0,8519066099
c58537_g4	40,4395488613	8,9541346004	4,5162989687	1,60E-166	0,6547826835
c36282_g1	4,7362440168	0,7939303749	5,9655659568	3,43E-13	0,7756516517
c46287_g2	4,9642131863	1,3727159674	3,6163440246	2,59E-10	0,5582697384
c55333_g2	17,2792918218	3,3523002419	5,1544583048	5,89E-29	0,7121830309
c60731_g3	6,694289449	1,1741969329	5,7011641416	3,03E-15	0,7559635449
c54078_g1	8,4914172923	2,4899829109	3,4102311527	3,72E-55	0,5327838174
c45637_g2	8,5219632465	2,3065716186	3,6946449778	4,72E-30	0,5675727129
c38571_g1	5,0213971243	1,3942505637	3,6015026674	7,79E-07	0,5564837408
c40977_g1	16,1812916575	5,3473049391	3,026064876	2,58E-24	0,4808782347
c57480_g3	7,7364735548	2,1172357342	3,6540444835	8,05E-11	0,5627738301
c49893_g4	281,846477046	82,8956617857	3,4000148014	0	0,5314808077
c42470_g1	53,8038999366	15,0958113459	3,5641608592	7,28E-103	0,5519572966
c29664_g1	3,626733679	0,1257246	28,8466511728	1,22E-13	1,4600954029
c46010_g3	9,263455736	2,6161299486	3,5409004591	2,06E-42	0,5491137182
c39418_g1	4,1095131623	1,2742315201	3,2250914355	3,36E-07	0,5085420319
c49831_g2	5,6616384858	1,2922938847	4,3810765901	3,93E-21	0,6415808456
c47326_g4	9,3761932371	1,110430939	8,4437427923	8,68E-48	0,9265349956
c42891_g1	43,1691910678	12,9345240372	3,337516784	1,54E-70	0,5234234584
c46334_g1	8,1663186922	1,7391902995	4,6954716195	1,62E-44	0,6716792199
c49600_g1	66,1392918989	21,2638983033	3,1104029447	8,81E-102	0,4928166544
c49484_g4	3,5240912551	0,8022679466	4,3926611676	1,93E-13	0,6427277048
c56408_g1	351,0103882582	32,2835707363	10,8727250503	0	1,0363384057
c44448_g4	3,4913899428	0,6446310292	5,4161059345	1,80E-11	0,7336871502
c31216_g1	35,6393914476	6,2593718687	5,693764837	8,15E-147	0,755399526
c56490_g2	8,0869794405	2,3339300738	3,4649621817	1,43E-11	0,5396984989
c58212_g1	3,3840033526	0,9793220416	3,4554551094	1,19E-14	0,5385052553
c49252_g2	3,4979784655	1,1426532653	3,0612772673	7,82E-05	0,4859026665
c27274_g1	12,7331316102	3,1685757109	4,0185663124	2,48E-19	0,6040711392
c61473_g2	4,5917152321	1,0758150533	4,2681269592	7,48E-26	0,6302373294
c40605_g1	1924,0533423417	322,0214433488	5,9749230434	0	0,776332316
c37177_g1	65,3153188316	13,8683802653	4,7096573343	1,44E-157	0,6729893098
c50263_g2	16,9169917776	4,2112861064	4,0170606675	3,24E-54	0,6039083907
c51455_g1	45,3882643404	12,370391784	3,6691048378	0	0,5645601211
c39477_g1	4,0501921659	1,2230769446	3,3114778132	1,03E-05	0,5200218496
c47922_g4	12,3927918879	3,0260610612	4,0953542038	5,41E-20	0,6122914695
c49725_g3	5,6545966469	1,6493621926	3,4283535007	1,32E-20	0,5350855961
c55621_g1	517,0698777871	104,1154133879	4,9663144098	0	0,6960342106
c59640_g1	5,6101229805	0,9948446568	5,6391949661	5,34E-15	0,7512171099
c52507_g1	7,5467241584	2,4794236408	3,0437413092	3,86E-42	0,4834077385
c41871_g1	5,4494446015	0,91108566	5,9812648146	4,77E-21	0,7767930308
c59690_g2	8,8106505893	2,3809705249	3,7004450484	9,82E-11	0,5682539593
c43431_g1	15,060797278	4,7174018749	3,1926042507	4,65E-39	0,5041450875
c50651_g1	210,7992160797	67,5789143881	3,119304564	0	0,4940577807
c44005_g1	11,589029723	0,5408120631	21,4289408712	1,02E-66	1,3310007065
c57843_g4	19,2926966136	5,4161764776	3,5620509586	1,49E-25	0,5517001282
c36693_g1	37,7259053807	2,7526904258	13,7051028429	1,78E-128	1,1368822988
c35757_g1	133,5867265214	33,8669115372	3,9444614362	2,95E-180	0,5959877145
c45986_g1	13,7363812754	4,3944806413	3,1258258704	9,37E-47	0,4949647812
c50522_g1	59,7830460544	19,3772098644	3,0852246775	2,60E-67	0,4892867965
c48582_g2	59,1720544196	14,2929714223	4,1399407213	6,20E-78	0,6169941226
c52033_g2	9,6710283892	2,0921905615	4,6224414578	6,26E-56	0,6648714196
c47471_g2	13,3014276872	4,1818183798	3,1807760355	1,70E-17	0,5025330907
c61327_g1	567,6336970323	125,3224534706	4,5293854478	0	0,6560392804
c50653_g3	30,2747823567	10,036340514	3,0165160612	4,11E-27	0,479505642
c58467_g1	29,1352195624	6,5883376947	4,4222413775	2,71E-278	0,6456424438
c46107_g4	24,1869381308	5,0004571643	4,8369453704	3,54E-62	0,6845711824
c31512_g1	7,1325025887	0,0409308632	174,2573213701	1,26E-36	2,2411910339
c47421_g2	36,4485714486	8,5226469112	4,2766727084	3,20E-69	0,6311060152
c52871_g1	20,8065960483	6,9159134059	3,0085102035	1,86E-64	0,4783514888
c41639_g1	3,0389677166	0,6452630204	4,7096573343	2,66E-08	0,6729893098
c45560_g3	6,4519196099	1,9999036184	3,226115274	7,95E-14	0,5086798813
c54411_g1	145,1814752924	16,0397190873	9,0513726894	6,30E-306	0,9567144473
c43948_g1	3,7020152185	0,3754257573	9,8608450437	8,59E-28	0,9939141342
c53023_g2	10,9495630706	3,1130246481	3,5173390218	2,19E-48	0,5462142302
c42594_g3	8,5585385996	1,9163534281	4,4660543688	3,17E-15	0,6499240058
c50823_g1	12,9578206807	2,2763445442	5,6923811088	3,25E-93	0,7552939687
c46363_g10	148,9820049238	44,8560548073	3,3213354488	2,03E-170	0,5213127408
c43412_g1	7,2938785794	2,3134210222	3,1528539377	1,45E-22	0,4987038516
c59248_g2	7,2575081222	1,6651394588	4,3584986734	2,83E-27	0,6393369181
c50434_g4	68,113106479	22,3706571297	3,0447521539	3,44E-63	0,4835519464
c40101_g1	3,775175146	0,1045541352	36,1073728965	1,15E-24	1,5575958911
c55333_g1	9,5671205894	2,0894231137	4,5788335195	7,11E-15	0,6607548534
c13537_g1	30,2987102835	0,2432255288	124,570436493	1,60E-131	2,0954149862
c52033_g1	162,6733317154	39,6381510635	4,1039586194	5,78E-240	0,6132029731
c41334_g2	31,6281792699	1,4179567989	22,3054604306	1,78E-83	1,3484111924
c48104_g2	39,3117513494	7,9921373025	4,9188033015	6,60E-173	0,6918594559
c47884_g1	16,9027544767	3,9362746786	4,2940993342	2,27E-61	0,6328720866
c48865_g3	14,4580080512	4,7635822496	3,0351125043	8,03E-21	0,482174794
c42597_g1	4,2469652897	0,913171392	4,6507866176	1,06E-11	0,6675264141
c48747_g3	41,9552911084	3,3965991504	12,3521467359	2,54E-246	1,0917424422
c51269_g2	20,1787456385	5,7299356212	3,5216356644	1,66E-34	0,5467444234
c60246_g2	8,9368695174	1,0717529424	8,3385537505	7,90E-176	0,9210907326
c59357_g2	5,8201092431	1,7392485863	3,3463354744	1,03E-16	0,5245694774
c45727_g1	128,6058177928	36,0030938205	3,5720768452	0	0,5529207932
c45647_g3	7,7364735548	0,2920325151	26,4918225056	1,38E-23	1,4231118366
c60956_g2	16,9949702798	3,4526860633	4,9222460334	4,57E-42	0,6921633177
c47678_g3	51,4365220961	10,8095665168	4,7584259754	2,81E-91	0,6774633176
c55509_g3	4,0181906476	0,9529035716	4,2167862179	8,93E-20	0,6249815838
c53906_g1	10,9217571331	1,2943329023	8,4381360573	8,19E-81	0,9262465237
c49426_g1	75,5862108276	4,4697667944	16,9105490967	0	1,2281577097
c60512_g2	3,5552654577	1,1795130481	3,014180694	8,02E-07	0,4791692838
c37532_g1	28,85919849	7,4928950445	3,8515418031	1,31E-43	0,5856346159
c57179_g2	166,7463443029	43,4412895133	3,838429894	2,10E-284	0,584153613
c41669_g1	34,231110686	10,2989657634	3,3237425458	5,16E-52	0,5216273763
c61639_g1	4,5784010348	1,0081352223	4,5414552867	9,31E-12	0,6571950427
c39603_g1	12,0760086444	3,7626955658	3,2094035867	1,06E-31	0,5064243336
c53774_g3	4,019504211	0,6526458925	6,158782668	3,63E-12	0,7894948789
c50638_g3	30,0690236633	5,5855442938	5,3833650011	1,35E-124	0,7310538267
c40603_g1	25,907423897	7,5071308333	3,4510420122	4,13E-51	0,5379502463
c39695_g1	21,1219227309	5,2669302857	4,0102909257	6,90E-53	0,6031758796
c52420_g1	16,3928931638	5,1472134782	3,184809263	4,14E-16	0,5030834277
c44418_g1	7,0139811115	1,5745652651	4,4545508954	4,83E-58	0,6488039253
c42742_g1	10,8763055122	3,4444727155	3,1576111673	3,62E-22	0,4993586493
c43945_g1	3,3312997063	0,533399241	6,2454151607	8,95E-21	0,7955613132
c52738_g1	4,1800957652	1,300085493	3,215246834	3,19E-14	0,5072143193
c45835_g1	3,2628916537	1,0497101767	3,1083738407	3,32E-07	0,4925332454
c57594_g3	30,3674408172	4,1737500735	7,2758167793	2,09E-84	0,8618817541
c61938_g5	35,014344781	5,8369664048	5,9987230271	9,36E-93	0,7780588102
c40227_g1	34,0428362531	7,4823341398	4,5497615606	7,18E-81	0,6579886372
c53712_g3	6,7036052573	1,5941792269	4,2050511914	2,14E-10	0,6237712872
c47906_g1	28,1713366206	6,8033655044	4,1407942293	4,70E-38	0,6170836494
c58452_g1	6,4665734443	1,0483991078	6,168045543	7,13E-74	0,7901475718
c49716_g3	4,1888473932	1,0277702884	4,0756650009	1,02E-06	0,61019848
c57594_g5	47,2995364047	11,5282379839	4,1029285196	1,12E-80	0,6130939508
c56516_g2	34,2376244424	6,910384737	4,9545178373	1,70E-130	0,6950013963
c44325_g1	6,072603911	1,6935324185	3,5857618341	2,54E-08	0,5545814404
c54361_g1	27,0612839529	5,9048914083	4,5828588676	5,13E-66	0,661136483
c60535_g5	4,34783005	0,5792460117	7,5060163766	2,05E-10	0,8754095076
c39596_g1	12,2808434607	3,6528229561	3,3620144224	7,23E-24	0,5265995721
c42171_g3	4,6202192115	0,5796875102	7,970189335	2,64E-17	0,9014686384
c52605_g1	4,3145027626	0,0631791006	68,2900313477	5,85E-31	1,8343573121
c52063_g3	13,5810655798	3,8283826288	3,5474681861	1,32E-71	0,5499185094
c47674_g1	126,1913068755	30,0359957706	4,2013358851	0	0,6233874036
c53432_g2	3,0679716503	0,5118311127	5,9941093346	3,76E-10	0,7777246604
c49834_g3	21,4363939581	5,1973087502	4,1245180898	2,97E-136	0,6153732127
c26969_g1	80,0941357264	8,3191292765	9,6277065861	0	0,9835228463
c50857_g2	3,5498125966	0,3768652733	9,4193146687	2,61E-12	0,9740193055
c59307_g1	57,2462214665	14,9535149812	3,8282786046	4,39E-125	0,5830035362
c58687_g1	99,2558974594	23,2312062319	4,2725244857	0	0,6306845603
c34699_g1	7,0133166256	1,7692695721	3,9639615897	7,77E-13	0,5981294376
c59470_g3	3,3330613666	0,8088089472	4,1209501675	4,85E-08	0,6149973629
c20393_g1	4,6221219065	1,4410630535	3,2074390467	1,40E-08	0,5061584119
c60760_g1	29,2648240852	2,4002728714	12,1922904823	1,21E-235	1,0860853012
c48782_g4	6,6252477691	1,8756489199	3,5322430007	9,49E-20	0,5480505732
c49955_g1	241,159911287	78,7708359944	3,0615380457	0	0,4859396608
c46107_g3	66,7644393899	16,0873502165	4,1501203425	4,78E-185	0,6180606903
c62086_g1	6,8424046456	1,8331205451	3,7326539511	2,99E-17	0,572017729
c55554_g1	9,3607826908	3,0810803533	3,0381494858	1,33E-25	0,4826091386
c60535_g6	18,0393568116	5,1337928059	3,5138459018	1,94E-20	0,5457827118
c50088_g2	5,3336984414	0,948141581	5,6254240382	3,08E-14	0,7501552647
c52832_g2	22,5182525889	0,6769972673	33,2619549237	6,43E-115	1,5219477707
c60122_g4	7,3113749338	2,0796594543	3,5156597003	1,55E-22	0,5460068307
c46840_g2	16,7636272275	4,8537483836	3,4537487118	6,62E-23	0,5382907359
c45314_g2	5,8806331448	1,8128300034	3,2438966333	9,97E-14	0,511067007
c43137_g3	122,7730175323	32,3893538825	3,7905361736	8,65E-245	0,5787006455
c62766_g1	12,0691350015	3,0844390891	3,9129107928	1,77E-50	0,5924999469
c42532_g3	19,4670105906	1,9077341473	10,2042575577	4,95E-48	1,0087814118
c37950_g1	3,2587084592	0,8100532687	4,0228323064	3,35E-06	0,6045319292
c48053_g1	32,3084637036	3,2347287623	9,9879977822	4,35E-248	0,9994784372
c43557_g2	3,9187700012	0,7765997414	5,0460614296	9,34E-10	0,7029525332
c45724_g1	34,7674333636	2,8164858864	12,34425975	1,02E-212	1,0914650516
c42519_g1	10,8499493599	3,0480598896	3,5596247294	1,40E-14	0,5514042152
c54152_g2	12,4207617307	2,5637461769	4,8447704546	6,45E-35	0,685273205
c39283_g1	3,5096773901	0,8346336894	4,2050511914	1,87E-07	0,6237712872
c61582_g3	6,8583449884	1,9575552785	3,503525578	1,43E-13	0,5445052925
c37218_g1	7,3629641851	2,2740011273	3,2378894173	1,95E-12	0,5102620123
c48567_g1	53,7429996876	17,7622820555	3,02568102	7,26E-167	0,480823141
c49245_g3	3,3144244726	0,7231199475	4,5835057986	2,15E-15	0,6611977851
c39889_g1	380,1979236425	96,3964686666	3,9441063444	0	0,5959486162
c46290_g2	12,5119998958	3,4708092934	3,6049228979	8,88E-27	0,5568959805
c45846_g1	3,3330613666	0,1952297459	17,0725078369	4,36E-28	1,2322973207
c52280_g3	12,8076828838	3,1533410669	4,0616230887	1,39E-52	0,6086996192
c56203_g4	19,4792848722	2,8772383861	6,7701324181	7,86E-116	0,8305971632
c62362_g2	12,5817398119	3,7012638014	3,3993091244	7,37E-53	0,53139066
c41713_g1	38,507319177	1,1266789401	34,1777216276	1,53E-264	1,5337431082
c53391_g1	19,7678960495	3,3605698266	5,8823048083	6,13E-190	0,769547525
c53176_g4	3,842961281	1,2316599407	3,120147984	1,16E-10	0,4941751925
c46512_g1	3,3991868935	1,1019057104	3,084825554	1,19E-12	0,4892306098
c61239_g1	12,9314601734	0,7537305465	17,1566088608	2,44E-48	1,2344314503
c50371_g1	9,8673620587	3,1885537291	3,0946199741	7,35E-27	0,4906073243
c44600_g1	40,8329926435	12,3160467959	3,3154301311	6,57E-104	0,5205398801
c49205_g1	25,7286894288	2,0096741399	12,8024185205	0	1,1072920205
c48069_g1	32,478639431	10,7610703369	3,0181606861	1,34E-31	0,4797423578
c37120_g1	7,3985732558	1,3542557218	5,4632025078	2,44E-18	0,7374472991
c59091_g1	12,4516899223	2,3010672653	5,4112672454	2,05E-98	0,7332989829
c55985_g2	14,4935383409	1,9192438556	7,5516919326	4,66E-34	0,8780442648
c46449_g1	13,1826125049	4,3728963222	3,0146181234	7,78E-70	0,4792323057
c54506_g1	70,1313825079	16,3166693063	4,2981432786	0	0,6332808886
c61292_g1	15,9899385512	3,5048477593	4,5622348385	4,93E-297	0,6591776366
c45836_g2	7,882322515	2,0971048163	3,7586688341	2,38E-10	0,5750340629
c43422_g11	13,8912526112	3,9458530025	3,5204688574	3,25E-31	0,5466005068
c60831_g1	40,2603867616	8,9126954694	4,517195376	1,63E-152	0,6548688749
c53485_g1	4,0663348673	0,9624826472	4,2248396676	8,86E-09	0,6258102321
c55178_g5	9,8270966924	2,3846676841	4,1209501675	8,91E-18	0,6149973629
c51232_g3	6,6355441886	1,1344574204	5,8490905604	2,79E-48	0,7670883455
c59357_g1	11,2164103346	2,7583635014	4,0663278531	5,58E-40	0,6092023913
c60893_g3	4,030403993	0,1555953383	25,9031153388	2,78E-12	1,4133519993
c7115_g1	6,2130006651	2,0648416653	3,0089477414	4,23E-09	0,4784146451
c45577_g1	3,0858111497	0,9299744495	3,3181676674	0,0001977203	0,5208983272
c49924_g2	6,7653209882	2,0894231137	3,2378894173	1,71E-07	0,5102620123
c53174_g1	7,4351717116	1,3444477417	5,5302794456	3,48E-24	0,7427470768
c61139_g2	4,0293833792	1,0388914368	3,8785413342	1,11E-07	0,5886684241
c48916_g2	23,3261305818	2,9298429035	7,961563589	1,66E-52	0,9009983682
c52732_g3	242,0921281362	46,6178747615	5,193118077	0	0,7154281974
c42431_g1	254,6969322514	60,2987167348	4,2239196129	0	0,6257156444
c55911_g3	217,0126623162	36,3983340212	5,9621592073	0	0,7754035688
c46947_g3	17,3444854061	5,1991749293	3,3360072785	5,45E-19	0,5232269895
c49724_g2	46,5081927122	14,6089943229	3,1835314385	3,27E-70	0,502909143
c44087_g3	9,1366001629	2,5595433143	3,5696212336	9,17E-21	0,5526221363
c53586_g7	3,3586699942	0,3630557893	9,251112621	4,83E-12	0,966193968
c52521_g1	82,1597385911	24,2105230445	3,3935548786	0	0,5306548767
c46919_g1	43,7464304371	6,4136021988	6,8208830359	2,26E-281	0,8338406023
c27464_g1	41,7922368093	3,9792520001	10,5025358555	4,57E-136	1,0212941729
c61137_g1	13,0975228351	3,553490718	3,6858187834	1,58E-16	0,5665339789
c39304_g2	10,807359043	2,2251859468	4,856834126	4,20E-19	0,6863532714
c50316_g1	106,0791202802	31,0122372491	3,4205568411	6,81E-247	0,5340968117
c55592_g1	19,830609027	5,5332731573	3,5838839803	1,17E-36	0,554353942
c55732_g1	6,1192819328	36,345427272	0,1683645617	1,96E-271	-0,7737493159
c55121_g2	8,710033092	35,3198846014	0,2466042341	7,81E-49	-0,6079994709
c56524_g1	39,0075842713	175,1572113866	0,2227004185	0	-0,6522789669
c52710_g2	0,1249898012	3,4677683613	0,0360432959	5,16E-22	-1,4431755025
c43324_g1	0,3431092583	3,080610549	0,1113770316	2,18E-13	-0,9532043612
c54526_g1	17,5165622018	64,6111550779	0,271107399	5,60E-268	-0,5668586295
c55107_g1	1,2761996175	8,1292514099	0,1569885778	1,87E-56	-0,8041319449
c49739_g3	1,8524384886	13,9849833905	0,1324591125	2,97E-25	-0,877918159
c55310_g1	14,7027277989	44,5141810067	0,3302931216	7,19E-120	-0,4811004705
c48030_g1	8,0204019502	26,7542352552	0,2997806468	6,13E-92	-0,5231964077
c48512_g1	0,6134916078	3,0166046204	0,2033715667	4,54E-14	-0,6917097657
c49466_g1	8,4108990645	26,5942793143	0,3162672304	1,69E-75	-0,4999458045
c60561_g2	2,7711659638	8,4057251701	0,3296760134	1,39E-08	-0,4819126501
c46817_g5	4,1692504463	12,9478251267	0,32200392	1,06E-62	-0,4921388413
c58208_g3	0,5716453796	5,8867979013	0,0971063368	6,55E-18	-1,0127524288
c43934_g1	4,4133752267	15,434432046	0,285943481	1,23E-36	-0,5437198001
c59584_g1	0,6447731817	3,6964209219	0,1744317531	2,15E-08	-0,7583744543
c53738_g2	5,6401180504	17,5205315033	0,3219147803	8,21E-60	-0,4922590827
c56939_g2	1,1170259715	7,8268660421	0,1427168889	8,40E-30	-0,84552463
c54609_g3	1,4916076131	5,25214989	0,2839994372	4,82E-35	-0,5466825205
c42131_g1	4,1143331402	13,2570294111	0,3103510608	1,66E-29	-0,5081467659
c45911_g3	6,1101222052	23,2363029415	0,2629558678	2,52E-56	-0,5801171335
c58752_g1	0,4394726471	3,1104361097	0,14128972	2,74E-12	-0,8498894354
c59691_g3	0,2905883152	3,0145112098	0,0963964951	1,66E-30	-1,0159387562
c54997_g1	3,5147405313	12,0484357417	0,2917175812	6,68E-29	-0,5350373961
c45057_g5	1,0752343656	3,8268126007	0,2809738751	5,01E-09	-0,5513340589
c48075_g2	2,4389088202	10,5191646414	0,2318538499	1,64E-61	-0,6347856882
c59916_g1	2,8186539136	20,168086333	0,1397581241	1,72E-90	-0,8546229371
c48407_g3	6,0154908912	30,5256130242	0,1970637211	1,05E-84	-0,7053933208
c47358_g3	6,4204780372	36,4380897922	0,1762023771	1,54E-110	-0,753988237
c60667_g2	1,023368227	3,656490449	0,2798771777	5,88E-12	-0,5530325143
c36575_g1	0,8848641178	3,2373670378	0,2733283274	1,87E-06	-0,5633153562
c57400_g2	16,9699964215	51,0759440103	0,3322502746	3,78E-214	-0,4785346515
c39731_g1	0,5945806402	5,7232024419	0,1038895	2,49E-18	-0,9834283438
c43387_g1	1,1110204555	4,8896177265	0,22722031	2,02E-13	-0,643552852
c47933_g1	9,4219158216	39,7962216308	0,2367540293	2,85E-76	-0,6257026211
c50609_g4	12,4342856108	40,1305504556	0,3098458773	1,94E-46	-0,5088542781
c45895_g1	2,5366178977	10,8078915726	0,2347005316	4,42E-32	-0,6294859267
c57060_g2	0,8048564307	3,2296659825	0,2492073283	7,33E-33	-0,6034391908
c59569_g3	0,6121143505	4,2630173007	0,1435871139	3,40E-13	-0,8428845339
c54771_g3	2,0987870793	9,7354058204	0,2155829061	5,36E-17	-0,6663856779
c44790_g1	1,3356079239	4,5615623423	0,292796157	6,69E-17	-0,5334346277
c44093_g3	35,4798954416	146,0467661245	0,2429351665	0	-0,6145096136
c34628_g1	0,8548078789	4,6736527352	0,182899314	3,38E-14	-0,7377879235
c50760_g1	1,6585362557	5,9583253958	0,278356106	3,42E-33	-0,5553992475
c44747_g1	47,7642065248	174,9657967081	0,2729916785	0	-0,5638505912
c44270_g1	3,7342438001	22,3939930452	0,16675203	7,25E-108	-0,7779288704
c45357_g1	16,5726177671	67,9367708589	0,2439417941	9,92E-273	-0,6127137865
c48263_g2	0,9796040405	4,1005518173	0,2388956619	3,37E-22	-0,6217917365
c46843_g4	8,7785805721	39,1644406684	0,2241467112	7,99E-50	-0,6494676289
c57027_g4	2,1972034854	7,7994496382	0,281712632	2,31E-15	-0,5501936789
c56425_g3	0,9511078879	4,9201980267	0,1933068309	2,19E-17	-0,713752799
c46637_g1	0,2202150519	10,2493952227	0,021485663	1,08E-60	-1,66785124
c55093_g1	1,302226062	3,9854315715	0,3267465615	2,02E-16	-0,485788974
c46224_g1	15,9090206236	60,1276371076	0,2645874907	2,78E-155	-0,5774306925
c53224_g1	78,1990312738	268,4808470482	0,2912648412	0	-0,5357119363
c59256_g2	0,7887397127	5,3333659867	0,1478877907	1,58E-30	-0,830067679
c48247_g1	7,072085543	22,7014547266	0,3115256546	2,68E-130	-0,5065061828
c51028_g4	1,455280315	6,8391821356	0,2127857229	8,46E-20	-0,6720575148
c38148_g1	1,7441339747	5,2612598311	0,3315050065	9,67E-09	-0,4795099083
c55361_g1	3,909872693	14,9211376142	0,2620358309	2,60E-63	-0,581639319
c52616_g3	2,6203592431	9,2066251775	0,2846166964	1,52E-34	-0,5457396266
c60061_g2	5,3539821549	27,8149179242	0,1924859951	7,06E-170	-0,7156008634
c57997_g1	3,4102307677	10,807360933	0,3155470414	3,84E-20	-0,5009358875
c55964_g3	9,3931729423	30,7715040382	0,305255568	3,10E-39	-0,5153364056
c39781_g1	7,4035102637	23,6830427407	0,3126080692	1,96E-40	-0,504999816
c49916_g3	13,1680984594	62,6826934111	0,2100755048	1,13E-213	-0,6776245842
c46397_g4	0,9265145478	3,0217195102	0,306618316	6,13E-09	-0,5134019059
c43522_g1	1,251339648	3,8715781225	0,3232117778	3,09E-05	-0,4905128219
c54532_g3	1,7039545302	5,9427592139	0,2867278429	1,35E-17	-0,5425301326
c56964_g2	0,7093242725	3,0624153417	0,2316224919	8,43E-08	-0,6352192704
c51643_g4	1,3198436434	9,3680886686	0,1408871852	2,45E-18	-0,8511285076
c38664_g1	0,6232295698	4,1231282777	0,1511545428	5,25E-22	-0,8205787959
c50830_g1	0,8459798482	4,2293905156	0,2000240567	1,90E-31	-0,6989177691
c60057_g1	5,2275102061	24,2182399111	0,2158501289	0	-0,6658476877
c59670_g1	3,7161290013	14,9532691251	0,2485161586	1,83E-104	-0,6046453681
c53055_g4	1,5991535742	10,0894190026	0,1584980834	1,30E-50	-0,7999759851
c60719_g3	12,3789529843	46,91652011	0,2638506214	8,02E-72	-0,5786418787
c49871_g1	6,8502697701	24,7267641412	0,2770386667	5,60E-28	-0,5574596115
c43054_g1	0,9366284088	3,3285227942	0,2813946206	4,86E-15	-0,5506842092
c55055_g3	26,8475690993	100,7635895446	0,266441174	0	-0,5743986613
c51990_g2	35,8304096913	114,9659166084	0,3116611492	0	-0,5063173322
c34690_g1	0,7066292715	5,9348507591	0,1190643708	2,17E-15	-0,9242181787
c49373_g2	1,0200483973	5,8096154869	0,1755793304	6,18E-16	-0,7555266114
c40473_g2	1,6462996583	10,0539615987	0,1637463643	1,89E-41	-0,785828334
c50523_g3	0,4301619582	3,2881013197	0,1308238148	5,98E-15	-0,8833131909
c51449_g1	6,0134619209	18,3411573668	0,3278670915	2,50E-53	-0,4843021719
c56304_g1	15,0939076367	63,6422883544	0,2371678962	1,14E-283	-0,6249440989
c60272_g4	6,96783971	23,2451494886	0,2997545666	4,39E-36	-0,523234192
c41514_g1	1,3555745208	7,1957173559	0,1883862934	1,17E-28	-0,7249506988
c47588_g1	5,5876384499	24,7532447211	0,2257335761	8,42E-167	-0,6464038383
c58208_g1	10,9415633453	50,6212235632	0,21614577	8,95E-301	-0,6652532593
c49011_g4	0,8022119749	4,4286685562	0,1811406667	1,40E-09	-0,7419840381
c61880_g1	2,5524926474	11,0128289412	0,2317744751	1,50E-14	-0,6349343938
c45387_g3	1,3490962674	11,1885237702	0,1205785763	2,99E-27	-0,9187298481
c58319_g1	27,2656759148	82,2592298166	0,3314603841	0	-0,4795683706
c49596_g2	1,5487047017	8,3387836484	0,1857230943	1,78E-42	-0,7311340893
c58709_g1	3,2084609417	9,7227150317	0,3299963983	2,56E-53	-0,4814908002
c49322_g1	12,3727951799	44,843842838	0,2759084502	6,50E-135	-0,5592349982
c58128_g2	0,0843468591	3,1520440115	0,0267594167	2,42E-20	-1,572523358
c46910_g1	21,1056478457	434,7899552064	0,0485421698	0	-1,3138808147
c52616_g2	1,7383790093	6,5978313464	0,2634773334	1,54E-14	-0,5792567406
c48861_g1	1,5888841998	6,5560026136	0,2423556386	8,30E-66	-0,6155468717
c42259_g2	1,2743050651	3,9684007339	0,3211130001	5,94E-08	-0,4933421119
c52149_g3	0,8840633357	6,7107354123	0,1317386667	8,72E-23	-0,8802867363
c58765_g3	6,380431759	19,9775809968	0,3193795966	1,49E-110	-0,495692832
c39182_g1	3,9201859976	13,3179489524	0,2943535834	1,23E-19	-0,5311306728
c46280_g2	3,4640288104	19,2341415399	0,1800979162	2,89E-77	-0,7444913122
c55103_g1	0,0916000907	4,4344671403	0,0206563918	8,02E-14	-1,6849455372
c47563_g2	2,5953359046	10,8398085651	0,2394263597	3,13E-43	-0,6208280375
c57845_g1	0,6684605513	3,1631007951	0,2113307778	7,28E-06	-0,6750372485
c42072_g1	2,2892005174	17,330324535	0,1320921898	5,22E-109	-0,8791228602
c45911_g1	5,0589343888	21,6915599573	0,2332213266	1,09E-86	-0,6322317387
c36492_g1	101,2584043184	843,978707165	0,1199774395	0	-0,9209004106
c38659_g2	1,4818434498	8,7526942169	0,1693014074	2,53E-21	-0,7713394315
c48991_g2	0,6551991272	3,6448972643	0,1797579135	7,91E-18	-0,7453119815
c55683_g2	64,1380531218	280,0622544292	0,2290135572	0	-0,6401388074
c52098_g1	0,6305425287	3,177487225	0,198440618	7,29E-12	-0,7023694291
c40293_g1	1,0160542593	3,5181965591	0,2887997422	2,75E-10	-0,5394031988
c43453_g1	1,6628733373	7,6072120241	0,2185916906	4,54E-27	-0,660366351
c49760_g2	2,2569472988	8,0088300678	0,2818073651	2,04E-27	-0,5500476607
c57448_g1	3,9026211043	28,0059181943	0,1393498716	6,09E-280	-0,8558934271
c57137_g3	0,7914860209	4,8277896179	0,163943768	5,94E-12	-0,7853050876
c52174_g1	2,506014423	9,6596837234	0,2594302769	7,02E-18	-0,5859793408
c47355_g3	25,8659917093	117,5785596327	0,2199890166	9,02E-216	-0,6575990016
c59670_g2	1,672525398	8,5230424854	0,1962357223	3,59E-14	-0,7072219319
c7815_g1	0,377649497	4,5545758224	0,0829165024	3,66E-14	-1,0813590259
c40753_g1	0,7031718736	3,513041264	0,2001604367	4,57E-13	-0,6986217601
c52437_g2	2,2404634442	7,7607144223	0,2886929376	6,16E-36	-0,5395638404
c42823_g2	10,9680761902	33,3443266202	0,3289338038	2,01E-100	-0,4828914927
c56909_g2	3,218031471	10,5816617539	0,3041139989	3,34E-46	-0,5169635881
c60166_g3	1,1965417849	4,0052020722	0,2987469205	7,13E-07	-0,5246965628
c62117_g1	7,9962071144	29,7440488205	0,2688338485	1,11E-136	-0,5705160508
c45692_g1	1,5795380302	6,7076558572	0,2354828667	2,91E-22	-0,6280406858
c41605_g1	1,1201451308	4,6703136878	0,2398436605	1,21E-17	-0,6200717562
c48104_g1	22,3239134943	114,717405008	0,1945991848	0	-0,7108589834
c43263_g2	1,0902790022	4,8674061172	0,2239958976	3,55E-23	-0,6497599355
c54218_g1	1,6172989568	10,3116899963	0,156841309	6,96E-74	-0,8045395418
c53912_g1	6,1088291661	24,7678807299	0,2466431922	4,02E-104	-0,6079308674
c54525_g5	1,660578788	6,1376803965	0,270554783	2,40E-22	-0,5677447839
c55037_g2	0,5763559463	4,316587102	0,1335212131	7,53E-16	-0,8744497306
c58286_g2	22,7065390268	149,6626273135	0,1517181639	0	-0,8189624217
c54606_g3	3,4426333529	10,8184035496	0,3182200902	1,80E-42	-0,4972724056
c43647_g2	1,7760200941	6,5699507533	0,2703247194	6,68E-19	-0,5681142391
c41475_g1	3,6901750845	16,421099964	0,2247215529	9,80E-41	-0,6483552726
c52974_g1	29,2481892926	93,8631565996	0,3116045779	0	-0,5063961706
c57265_g2	18,892483432	59,2250040057	0,3189950554	2,42E-195	-0,4962160487
c57402_g1	9,6044794644	31,2881355906	0,306968737	2,49E-66	-0,5129058527
c52665_g2	1,4632429044	5,3099726121	0,2755650568	3,14E-34	-0,5597758543
c60955_g1	10,063796637	43,6911709819	0,2303393663	1,51E-219	-0,6376318323
c49578_g1	0,4688467912	3,6786126902	0,127452067	7,67E-31	-0,8946531167
c49376_g1	0,9063587927	4,2530757328	0,2131066667	7,76E-26	-0,6714029638
c57775_g1	0,9790260428	12,280690954	0,0797207622	3,95E-36	-1,0984285579
c56545_g2	5,3723951653	137,3107223502	0,0391258241	0	-1,4075365022
c56099_g2	0,9798633645	3,041893951	0,3221227894	3,16E-09	-0,4919785489
c57322_g1	1,8996759311	7,640612333	0,2486287549	3,17E-41	-0,6044486449
c58003_g2	2,2474149509	9,4484190395	0,2378614815	2,92E-41	-0,6236758804
c60636_g5	17,9201977805	62,6326140289	0,2861160764	3,90E-181	-0,5434577392
c48846_g2	1,0649898991	5,4980373768	0,1937036484	3,38E-38	-0,7128621992
c56249_g4	35,243134916	155,4397429164	0,2267318142	3,62E-281	-0,6444875369
c46799_g1	0,4070374942	3,8293427248	0,1062943496	4,75E-25	-0,9734898213
c46489_g1	0,8453855648	3,3506748842	0,2523030715	1,73E-13	-0,5980774624
c54808_g1	0,9562334636	4,6972823777	0,2035716371	6,44E-26	-0,6912827308
c46134_g1	4,0805321104	12,8724967005	0,3169961667	8,40E-48	-0,4989459894
c41734_g2	70,1450724011	439,7160261557	0,1595235748	0	-0,7971751266
c45101_g1	1,3310776472	30,9005827315	0,0430761342	3,42E-271	-1,3657632792
c41662_g1	5,0512571506	16,7419594484	0,301712423	2,76E-39	-0,5204068074
c45634_g1	2,0679366119	6,9031688811	0,2995633813	2,23E-37	-0,5235112759
c43217_g1	3,1820137684	11,051865974	0,2879164275	2,86E-43	-0,5407335551
c48843_g1	6,5395507826	20,7884375617	0,3145763487	9,80E-41	-0,5022739328
c53146_g2	1,3902704839	6,0456074592	0,229963737	9,62E-15	-0,6383406425
c55683_g4	5,953290273	18,5966818929	0,3201264778	2,13E-17	-0,4946784037
c56445_g1	2,5026792961	10,0205551405	0,2497545556	2,96E-71	-0,6024865814
c62352_g1	0,4935902979	6,5677089593	0,0751541064	2,38E-27	-1,1240472847
c51827_g2	1,1741466178	5,0130753576	0,2342168298	1,99E-20	-0,6303819016
c51823_g2	1,2564544637	3,954659198	0,3177149789	7,84E-11	-0,4979623096
c47782_g2	1,1276575639	5,4791674139	0,2058081965	2,46E-29	-0,686537333
c56941_g3	1,10087415	3,539616325	0,311015107	1,45E-05	-0,5072185154
c57241_g1	2,0908917848	7,1033338908	0,2943535834	2,69E-09	-0,5311306728
c48561_g1	0,9583254014	3,1570372848	0,3035521329	1,62E-11	-0,5177667113
c52874_g1	5,6176326063	20,1060335785	0,2794003394	5,67E-125	-0,5537730706
c49171_g5	16,4198488256	52,8575456532	0,3106434213	1,29E-60	-0,5077378392
c60996_g2	3,3616367444	20,9888499899	0,1601629792	5,02E-294	-0,7954378615
c42204_g1	0,0227287511	3,5519273697	0,0063989909	5,15E-39	-2,1938885045
c52667_g1	5,3288192654	37,127441482	0,1435277803	0	-0,8430640315
c48648_g2	2,1946665753	12,8986816858	0,17014658	3,28E-46	-0,7691767759
c55233_g3	1,4884414956	5,5393244518	0,268704516	4,96E-23	-0,5707250346
c62017_g2	1,2966797523	3,9994373735	0,3242155411	1,63E-06	-0,4891661713
c53881_g3	37,0202826851	112,2751559498	0,3297281787	0	-0,4818439363
c61848_g1	4,6005070849	18,4804571429	0,2489390305	3,33E-35	-0,6039070061
c50124_g2	15,2618080921	72,4938975972	0,210525418	0	-0,6766954617
c52289_g2	5,1340025899	23,6978497654	0,2166442374	5,50E-124	-0,6642528585
c50399_g2	1,1528580459	5,1405054011	0,2242693969	2,17E-10	-0,6492299849
c59436_g2	3,2014931548	15,6813155758	0,2041597301	1,84E-49	-0,6900299172
c57903_g3	1,5118610296	4,9160841488	0,3075335946	7,98E-12	-0,5121074355
c59456_g1	10,7217934512	34,636156594	0,3095549422	3,28E-99	-0,5092622579
c49792_g3	84,9984148675	391,3090388678	0,2172155673	0	-0,6631090532
c57171_g2	13,9267056967	73,8367138725	0,1886149175	1,34E-300	-0,724423962
c52632_g4	3,6472036133	15,0730435976	0,2419686236	3,49E-48	-0,6162409459
c57775_g2	1,4322923281	8,0343774662	0,1782704801	4,22E-37	-0,748920566
c53736_g3	33,0262245005	287,443559679	0,1148963801	0	-0,9396936537
c46363_g4	1,5721455981	6,8988053103	0,2278866452	7,00E-21	-0,6422811249
c61617_g1	28,6384201854	91,7330060008	0,3121931945	0	-0,5055765683
c46894_g1	1,4029027692	4,8038719347	0,2920358386	2,98E-22	-0,5345638487
c50564_g2	2,5106324668	8,2890461102	0,3028855713	4,00E-23	-0,5187214148
c60794_g1	1,5802632127	5,5234514547	0,2861006792	1,84E-10	-0,5434811112
c38526_g1	0,810952604	3,8489373147	0,2106951965	4,55E-12	-0,6763453654
c46749_g4	1,8531768061	6,3132389896	0,2935381995	7,95E-31	-0,532335374
c57340_g2	15,0071227142	138,079822965	0,1086844	0	-0,9638327877
c56939_g1	0,5638466705	3,9208751608	0,1438063308	8,28E-39	-0,8422219945
c61769_g3	28,3106626028	92,1971623157	0,3070665289	1,95E-94	-0,5127675203
c45631_g1	8,3469321373	34,1839339649	0,2441770495	1,62E-126	-0,6122951583
c52900_g3	36,2512793046	650,7809306218	0,055704274	0	-1,2541114812
c47294_g1	56,832389114	184,9520301157	0,3072817805	0	-0,5124631894
c49329_g2	1,4902630149	5,0628329294	0,2943535834	2,29E-07	-0,5311306728
c51457_g2	3,4506131564	28,2522089747	0,1221360482	0	-0,9131561361
c48259_g1	1,3652867649	4,4991066412	0,3034573025	4,17E-09	-0,5179024071
c41553_g2	2,073710955	13,171023188	0,15744494	4,27E-48	-0,8028712924
c61664_g2	30,8893579569	324,0011267799	0,095337193	0	-1,0207376391
c56030_g1	0,3964997675	3,5172153722	0,1127311596	1,47E-46	-0,9479560256
c47970_g2	7,5544150315	26,4923081587	0,2851550339	1,64E-87	-0,5449189573
c52672_g2	0,2927051059	6,5464644866	0,0447119367	1,02E-33	-1,3495765181
c59539_g1	7,2063537013	28,0163315345	0,2572197467	7,83E-32	-0,5896956937
c53533_g1	0,7892874486	4,6924960762	0,1682020477	1,57E-11	-0,7741687215
c52810_g1	1,114173181	3,9511678858	0,2819857858	1,03E-21	-0,5497727829
c61896_g1	4,8792315006	32,372128775	0,1507232204	9,07E-94	-0,8218198351
c48861_g2	0,3745917911	3,0754288248	0,1218014828	2,05E-19	-0,9143474247
c44210_g1	1,133429573	20,2155013358	0,0560673492	1,72E-129	-1,2512899762
c50078_g2	1,1977384355	7,5955535756	0,1576894197	5,74E-47	-0,8021974451
c54272_g2	0,5768760058	3,1030266341	0,1859075264	1,79E-08	-0,7307030277
c54671_g2	1,3515071617	4,3692746631	0,3093207148	1,56E-10	-0,509590995
c61124_g2	1,1902735762	3,6354295824	0,3274093334	8,09E-15	-0,4849089444
c49570_g1	1,455280315	4,6555878393	0,3125878762	4,80E-10	-0,5050278703
c40683_g2	1,457958745	11,1982824057	0,1301948542	1,20E-32	-0,8854061804
c56102_g3	2,3698372102	7,7289486188	0,306618316	6,13E-09	-0,5134019059
c41311_g1	0,5563648589	11,0707280055	0,0502554898	3,23E-67	-1,2988164895
c51138_g2	1,7962110511	6,0295769655	0,2979000121	3,69E-08	-0,5259294791
c53622_g1	6,8061832336	51,3029903541	0,1326664038	0	-0,8772390432
c50554_g1	1,7117077199	5,4186545208	0,3158916505	1,22E-07	-0,500461853
c53137_g2	2,26879932	7,7077346701	0,2943535834	4,73E-17	-0,5311306728
c43108_g1	0,6863369118	3,0205790666	0,22722031	2,02E-13	-0,643552852
c56856_g1	0,7919951243	3,1045673623	0,2551064389	3,50E-07	-0,5932785796
c58145_g3	12,0750917064	38,9712840887	0,3098458773	1,81E-75	-0,5088542781
c57981_g2	2,5314056691	11,6052152079	0,2181265598	8,60E-56	-0,6612914501
c31378_g1	1,5165103087	10,7333379129	0,14128972	1,84E-19	-0,8498894354
c49077_g1	0,9866093108	3,656490449	0,2698241181	2,57E-14	-0,5689192337
c50268_g1	10,0804782796	58,7556571429	0,1715660886	0	-0,7655685497
c43546_g1	0,3746370644	6,3000879672	0,0594653704	6,59E-40	-1,2257358717
c59040_g1	3,7021951988	12,8751341217	0,2875461462	1,76E-91	-0,5412924486
c44213_g1	4,1374093312	12,5566185627	0,3295002799	2,40E-39	-0,4821442121
c48168_g1	9,7942240964	59,1950849056	0,1654567117	0	-0,7813156112
c13303_g1	0,1224228701	4,6269334117	0,0264587491	1,44E-20	-1,5774306925
c47712_g1	1,0949652467	5,4953035649	0,1992547334	4,63E-09	-0,700591353
c55347_g2	1,0432277236	5,1621041633	0,202093505	2,98E-32	-0,6944476438
c60267_g1	2,5789629415	8,0548775108	0,3201740732	7,19E-10	-0,494613839
c50013_g5	1,2817020332	8,2061694046	0,1561876157	7,78E-15	-0,8063534049
c56864_g2	22,3539452234	68,5290600082	0,3261965832	6,49E-83	-0,4865205924
c47751_g1	3,9115855896	19,4316349575	0,2012998699	3,54E-37	-0,6961565057
c54265_g1	9,1722870413	35,3654208505	0,2593574973	1,22E-128	-0,5861011933
c41873_g1	0,6421321616	3,7680443949	0,1704152325	2,55E-11	-0,7684915886
c59424_g1	329,8826258705	1270,6279503635	0,2596217294	0	-0,5856589615
c57515_g1	0,7294425854	4,0541122739	0,1799265872	5,42E-48	-0,7449046576
c47987_g1	3,1706197477	14,9427696327	0,2121842085	8,91E-33	-0,6732869409
c38438_g1	0,8320453338	3,5976011445	0,2312778155	2,68E-07	-0,6358660233
c54739_g2	5,9689684634	22,1356065228	0,2696546154	8,55E-92	-0,569192142
c50203_g1	0,7899457367	6,5078820835	0,121382921	1,65E-16	-0,9158424158
c49466_g2	6,2079116493	30,7711171796	0,20174476	2,23E-120	-0,6951977366
c39900_g1	3,5366241749	12,5449524666	0,281916108	1,36E-19	-0,5498801088
c44666_g3	0,4688062721	3,5038601762	0,1337970834	4,97E-08	-0,8735533536
c52998_g1	13,9711234997	51,4407898529	0,2715962088	2,77E-71	-0,5660762967
c51693_g2	1,307190734	13,5640107744	0,0963719917	5,72E-97	-1,0160491654
c44338_g3	2,0427754932	8,1151701291	0,2517230644	3,96E-29	-0,5990769899
c58999_g2	1,1391940724	3,531516685	0,3225792695	4,19E-12	-0,4913635459
c44624_g1	8,0128022727	26,6312661313	0,3008795088	3,14E-69	-0,5216073886
c53540_g1	1,2006062599	4,0169895073	0,2988821001	7,39E-12	-0,5245000939
c33910_g1	200,5642528377	675,5434835521	0,2968931797	0	-0,527399779
c49908_g1	2,2133864187	13,6005779115	0,1627420859	1,69E-128	-0,7885001219
c60262_g1	113,4547947545	390,8450295048	0,2902807665	0	-0,5371817388
c41315_g2	5,7256474559	28,1153838854	0,2036482048	6,37E-59	-0,6911194139
c42374_g1	0,7339574754	29,0210481097	0,0252905227	7,29E-182	-1,597042195
c44375_g1	26,8039495677	223,3759413317	0,1199947918	0	-0,9208376036
c56091_g4	3,0776727286	11,4471886694	0,2688583911	3,06E-58	-0,5704764045
c47173_g3	12,5722925005	68,3384512217	0,1839709896	0	-0,7352506555
c45312_g3	6,9710340075	21,0734269444	0,3307973604	1,52E-60	-0,4804379646
c48228_g2	4,7056401318	17,9952195012	0,2614939002	1,00E-79	-0,5825384374
c46659_g2	5,9969311347	38,9354924507	0,1540222239	2,97E-143	-0,8124166103
c52170_g1	1,7235548299	13,54997145	0,1271998865	3,48E-56	-0,8955132764
c46406_g1	2,677627043	8,8290866939	0,303273389	2,59E-27	-0,5181656957
c56557_g1	1,9781704371	16,175818834	0,1222918269	2,27E-65	-0,912602567
c58128_g4	1,4741555461	14,5121410816	0,1015808445	5,97E-44	-0,9931881811
c50662_g5	4,7529455088	15,8252906632	0,3003385916	2,53E-44	-0,5223888602
c53002_g1	1,2227799097	4,8464725478	0,2523030715	1,79E-17	-0,5980774624
c44171_g1	1,7392595785	7,2765071778	0,2390239625	4,42E-28	-0,6215585583
c51643_g2	1,3763850067	11,7714525235	0,1169256728	1,20E-69	-0,9320901223
c51201_g1	3,4867590728	13,240888382	0,263332714	1,86E-79	-0,5794951849
c34648_g1	0,0654783919	3,4479453663	0,0189905538	6,52E-15	-1,721462371
c54354_g1	2,9227992259	14,4023232364	0,2029394271	3,14E-75	-0,6926335701
c58489_g1	3,1230034799	9,9607032424	0,3135324288	4,99E-28	-0,5037175333
c53708_g1	0,7511207441	3,5320141784	0,2126607387	1,54E-26	-0,672312682
c55347_g1	2,1537829347	13,4546011694	0,1600777985	1,63E-76	-0,7956688971
c61270_g1	2,186902408	11,1372002666	0,1963601584	9,23E-187	-0,7069466263
c44375_g2	6,6816770196	53,6480278675	0,1245465544	5,89E-142	-0,9046682829
c48032_g2	1,5825128633	5,8242502621	0,2717110001	7,21E-20	-0,5658927791
c57690_g4	6,426427358	19,3165034798	0,3326910258	4,40E-33	-0,4779589139
c43110_g1	1,7178401255	5,1875332478	0,3311477813	2,90E-08	-0,4799781504
c55934_g2	3,3637713915	24,634144499	0,1365491459	1,24E-269	-0,864711012
c49022_g1	14,6353354858	260,6226178651	0,0561552777	0	-1,2506094206
c48135_g1	5,6741972762	29,6728145788	0,1912254485	2,62E-170	-0,7184543118
c60042_g3	2,5755474197	8,0421344186	0,3202566987	1,15E-10	-0,4945017775
c53812_g1	12,3339301906	38,3907514915	0,3212734763	1,03E-147	-0,4931251274
c36373_g1	0,8240636385	3,3917874594	0,2429585133	9,76E-08	-0,6144678786
c51107_g1	0,7827644119	4,6766398219	0,1673775278	4,10E-28	-0,776302851
c40669_g1	7,9454462875	29,2519235919	0,2716213265	7,48E-91	-0,5660361342
c40394_g1	8,8148099199	30,3369355945	0,2905636231	8,47E-40	-0,5367587578
c53644_g3	0,919088551	4,7041365889	0,1953787977	1,97E-28	-0,7091225672
c54034_g3	4,4077091287	16,367147724	0,2693022146	2,94E-18	-0,5697600752
c47642_g1	1,5217216843	5,0081533396	0,3038488603	1,31E-13	-0,5173423883
c40262_g1	0,8921302402	4,5462173243	0,1962357223	2,92E-09	-0,7072219319
c56691_g1	5,1400537615	40,5967760876	0,1266123633	1,33E-223	-0,8975238849
c45524_g1	0,9019632602	3,3621270084	0,2682716203	1,35E-08	-0,5714252677
c35460_g1	3,0498405886	9,262236987	0,3292768899	7,38E-10	-0,4824387489
c52699_g1	4,9854180893	15,3005645481	0,3258322968	6,20E-78	-0,4870058702
c53124_g2	1,4682653013	7,6561544893	0,1917758195	5,63E-33	-0,7172061528
c51148_g1	8,8322983795	29,86785033	0,2957125565	7,54E-89	-0,5291302341
c48259_g2	75,0526441726	232,3238106429	0,3230518816	3,56E-274	-0,4907277251
c50349_g3	1,0448585632	3,253865658	0,3211130001	1,50E-13	-0,4933421119
c47761_g1	0,9772216491	5,293380877	0,1846120035	1,22E-36	-0,7337400644
c61790_g1	0,9867316733	4,2261646772	0,2334815959	1,58E-37	-0,6317473469
c54982_g2	49,2535868916	198,277547561	0,2484072831	0	-0,6048356751
c51744_g1	3,1643526033	10,3395782666	0,3060427149	2,16E-44	-0,5142179541
c53738_g1	5,9353869816	19,2692820942	0,3080232545	7,06E-101	-0,5114164949
c56325_g2	1,5027485094	8,3765745615	0,1793989295	5,74E-86	-0,7461801527
c33340_g2	11,2647449948	274,5501971408	0,0410298194	0	-1,386900395
c46357_g5	0,8539248129	4,3968542176	0,1942126736	5,70E-13	-0,7117224331
c46910_g3	25,2816250469	599,7533452552	0,0421533706	0	-1,375167693
c53176_g2	3,6273635937	11,412918061	0,3178296361	1,20E-37	-0,4978056094
c37412_g1	1,2491784397	4,4711489428	0,279386452	1,34E-06	-0,5537946575
c44659_g1	3,7679736475	22,1014533805	0,1704853334	1,00E-115	-0,7683129769
c62526_g2	5,7100603939	27,1350080688	0,2104314979	8,29E-54	-0,6768892534
c49853_g1	0,5923877927	4,6605358046	0,1271072292	3,80E-28	-0,8958297483
c58797_g2	2,2828411468	7,0992091926	0,3215627382	7,80E-19	-0,4927342819
c53292_g4	10,5858262494	42,1873188755	0,2509243662	1,34E-106	-0,6004571642
c55230_g3	112,735071399	758,0182576374	0,1487234249	0	-0,827620622
c44653_g1	1,1710756153	3,9784656324	0,2943535834	6,08E-10	-0,5311306728
c61564_g1	6,0529886834	18,5334948728	0,3265972621	1,99E-82	-0,4859874603
c48341_g1	0,5288282405	5,1133283759	0,1034215293	5,82E-26	-0,9853890446
c40683_g1	1,099201089	12,2082496169	0,0900375667	5,09E-31	-1,0455762506
c47056_g5	1,8158004384	6,2682693411	0,2896813043	6,69E-12	-0,5380795328
c59669_g1	9,238083171	27,7893274123	0,332432773	1,21E-143	-0,4782961677
c46564_g1	1,5287068256	7,307432354	0,2091989021	1,39E-50	-0,679440599
c54056_g1	1,7148067683	6,7260005362	0,2549519226	2,09E-25	-0,5935417086
c46020_g1	3,484564156	13,279172352	0,2624082333	9,61E-49	-0,5810225428
c52109_g1	0,7742915248	3,8726526654	0,1999382831	9,07E-14	-0,6991040416
c43911_g2	3,6123578519	23,132070543	0,1561623221	6,03E-131	-0,8064237417
c46659_g1	3,7402679589	28,2426660471	0,1324332467	4,39E-86	-0,8780029739
c44974_g1	3,1910779218	12,0792687676	0,264178071	1,62E-48	-0,5781032354
c43043_g2	30,5935256182	208,5192676783	0,1467179794	0	-0,8335166628
c45501_g1	3,8981219135	20,0740277944	0,1941873327	3,89E-58	-0,7117791036
c33722_g1	0,6551397795	6,2796249015	0,1043278523	1,59E-27	-0,9815997328
c59273_g2	2,747523559	11,189434591	0,2455462371	1,35E-58	-0,6098667169
c61096_g2	0,6417695799	9,7121011135	0,0660793759	7,71E-76	-1,1799340677
c47432_g2	1,1496512085	3,7226022374	0,3088299891	3,29E-06	-0,5102805338
c49359_g1	1,1227378333	4,4032138101	0,254981448	4,71E-31	-0,5934914169
c46425_g1	2,9305023297	8,8930322201	0,329527911	6,04E-24	-0,4821077948
c45862_g1	1,4664014528	8,7180951316	0,1682020477	5,07E-37	-0,7741687215
c61030_g3	1,2781075162	5,3704703469	0,2379880036	6,04E-11	-0,6234449341
c48288_g1	2,3121656473	8,4687387182	0,2730236136	1,23E-13	-0,5637997896
c57430_g1	0,6755364102	7,9777973432	0,0846770582	3,06E-53	-1,0722342382
c58284_g4	10,2032490815	59,1297112501	0,1725570591	2,52E-264	-0,7630672694
c38659_g1	0,9814973454	3,3344161607	0,2943535834	4,14E-05	-0,5311306728
c37144_g1	7,0891871263	24,3097032251	0,2916196492	6,28E-28	-0,5351832168
c42433_g1	0,6224391709	3,049899355	0,2040851512	4,63E-10	-0,6901885926
c49629_g2	6,7798120867	22,0351134016	0,3076821963	9,75E-143	-0,511897633
c55021_g3	2,7463489596	9,0660425174	0,3029269887	1,22E-17	-0,5186620323
c44335_g1	2,6467792759	23,8169844809	0,1111299072	3,28E-136	-0,9541690482
c50827_g3	1,2958808825	5,4297048808	0,2386650676	2,57E-16	-0,6222111422
c60082_g1	24,860126885	88,2836250359	0,2815938615	1,70E-115	-0,5503768166
c47460_g1	1,365527344	4,3249677778	0,3157312179	7,58E-15	-0,5006824751
c48441_g1	5,0653956129	15,7290733777	0,3220403066	2,72E-60	-0,4920897686
c45387_g1	1,9153413765	9,7164455618	0,1971236667	2,52E-27	-0,7052612311
c41526_g1	4,8058094124	18,4378604196	0,2606489746	8,46E-50	-0,5839439792
c61574_g1	1,0705454456	5,5433959481	0,1931208695	6,45E-24	-0,7141707918
c58127_g1	1,2385649892	7,2826365789	0,1700709593	4,87E-48	-0,7693698386
c47616_g1	13,7245052695	47,5620574575	0,2885599573	3,67E-132	-0,5397639349
c38023_g1	3,9284216825	14,4161201633	0,2725020073	1,15E-21	-0,5646302942
c45312_g2	4,9159771887	15,0308327107	0,3270595371	1,28E-15	-0,4853731823
c41623_g1	2,8148024534	8,6799505042	0,3242878461	1,67E-18	-0,4890693278
c59398_g1	2,4316536318	7,4072054744	0,3282821896	4,57E-47	-0,4837526786
c44943_g1	1,747039412	10,6691798608	0,1637463643	1,89E-41	-0,785828334
c54702_g3	1,0732321834	5,7014441706	0,1882386552	4,89E-40	-0,7252911884
c34732_g1	1,4648412853	5,006812648	0,2925696223	5,83E-15	-0,533770769
c48251_g2	1,1849186051	4,2267687759	0,2803367461	1,72E-10	-0,5523199719
c43545_g2	1,4742902066	5,5905505096	0,2637110968	2,31E-30	-0,578871595
c40640_g1	4,1590923604	15,8611456256	0,2622189127	1,87E-43	-0,5813359877
c45662_g1	0,3728218127	3,7997344047	0,0981178611	1,16E-15	-1,0082519275
c53611_g1	3,3809764054	11,317899243	0,2987282651	1,40E-76	-0,5247236833
c55710_g2	1,9279472611	7,6876497485	0,2507850025	5,56E-28	-0,6006984389
c46115_g1	1,2706097361	4,821745647	0,2635165413	1,24E-20	-0,5791921183
c56836_g1	1,2986189915	4,3158575791	0,3008947741	8,12E-23	-0,5215853549
c49797_g3	2,2519530003	7,1442198003	0,3152132862	5,35E-11	-0,5013954854
c55811_g2	9,8665689262	31,1750796143	0,3164889729	4,35E-141	-0,4996414171
c50970_g1	150,6237888501	518,939495379	0,2902530838	0	-0,5372231574
c52209_g1	1,3657889393	4,9677835755	0,2749292353	1,10E-18	-0,560779076
c43546_g2	1,1822071209	16,3328818225	0,0723820287	5,38E-92	-1,1403692488
c53967_g1	2,2506414377	6,9509521406	0,3237889417	2,60E-07	-0,4897379877
c23762_g1	0,9170849322	3,2021336476	0,2863980811	0,0001223957	-0,5430298961
c47288_g1	0,3052434339	21,6688917006	0,0140867119	4,70E-218	-1,8511903685
c41443_g1	0,3752720425	3,1872555972	0,1177414334	6,39E-11	-0,9290706815
c61664_g3	4,5349139593	26,8100676638	0,1691496648	1,51E-47	-0,7717288584
c54669_g1	0,4627088696	5,21135321	0,0887886219	9,82E-55	-1,0516426848
c51218_g1	6,8685409041	24,7387010763	0,2776435546	2,38E-120	-0,556512404
c41929_g1	17,7340788233	76,6171914428	0,2314634417	1,36E-176	-0,6355175935
c59705_g2	6,9279149096	22,6394197914	0,3060111511	8,93E-33	-0,5142627475
c39126_g1	0,9653421935	3,2795326707	0,2943535834	6,58E-11	-0,5311306728
c52644_g1	3,0850563266	9,8985182202	0,3116685001	1,51E-37	-0,5063070891
c49820_g1	0,5612433589	3,00304919	0,1868911641	8,46E-17	-0,7284112309
c49373_g1	0,4100194538	3,5694311526	0,1148696911	5,02E-08	-0,9397945469
c24608_g1	2,5702712031	11,3514927371	0,2264258334	7,59E-18	-0,6450740251
c59948_g3	14,8773996938	51,1733459674	0,2907255606	6,79E-202	-0,5365167834
c31489_g1	0,7225517648	4,4491562107	0,162401977	3,12E-09	-0,7894086881
c53490_g1	21,0428395108	65,8444938354	0,3195838905	5,81E-89	-0,4954151205
c50704_g2	1,7246654746	10,8789505781	0,1585323384	9,84E-91	-0,7998821343
c51418_g2	0,3951239096	4,656257436	0,0848586907	3,84E-21	-1,0713036733
c47523_g1	0,7260668815	3,2730530722	0,221831686	7,00E-09	-0,6539764199
c35527_g1	2,719076378	29,1180475114	0,0933811368	3,94E-101	-1,0297408434
c49767_g1	0,6058496407	8,2017653568	0,0738681996	1,56E-98	-1,1315424858
c52617_g4	40,5834622251	135,2314414905	0,3001037464	0	-0,5227285829
c49218_g2	2,1214050003	11,9763310358	0,1771331298	1,12E-72	-0,7517002036
c60561_g3	5,6509611855	27,1418131206	0,2082013151	6,08E-149	-0,6815165316
c52166_g2	1,4189437279	11,9417965225	0,11882163	1,22E-69	-0,9251044943
c42492_g1	4,5259839711	19,3762741741	0,2335838113	8,47E-65	-0,6315572595
c41734_g1	31,2674580958	203,8338489272	0,1533967899	0	-0,8141837287
c57294_g4	20,6391277036	64,7372637623	0,3188137172	5,44E-132	-0,496463001
c55758_g3	0,8982080841	3,5775733889	0,2510662917	1,69E-14	-0,600211592
c45529_g3	6,0247756481	19,1246176836	0,3150272464	7,66E-24	-0,5016518828
c41785_g1	1,1385664173	7,3734187566	0,1544149946	3,35E-18	-0,8113105295
c49603_g1	1,1474749379	4,8064114736	0,2387383902	3,27E-23	-0,6220777388
c47432_g1	3,2271023606	9,8865954806	0,3264118945	2,27E-30	-0,4862340239
c61577_g1	0,8490434993	3,652571381	0,2324508985	2,28E-25	-0,6336687708
c48156_g1	1,4374638615	7,5693625321	0,1899055377	1,01E-38	-0,721462371
c46102_g1	11,5345592461	34,7757577518	0,3316839083	1,99E-131	-0,4792755978
c46930_g2	0,81272865	15,4159324645	0,0527200448	9,23E-135	-1,2780242295
c39204_g1	0,6922941532	3,0133891137	0,2297393822	8,75E-06	-0,6387645512
c48811_g2	0,4106713131	6,1852239073	0,0663955451	7,23E-52	-1,1778610591
c42947_g1	12,2096146686	38,7987732529	0,3146907401	6,63E-84	-0,5021160362
c61151_g2	2,2945637807	8,2529400847	0,2780298605	1,00E-49	-0,5559085582
c60887_g2	13,4026268529	47,1207456955	0,2844315525	1,89E-61	-0,5460222282
c42756_g1	7,9160207458	32,0237792548	0,2471919595	3,69E-54	-0,6069656597
c51027_g2	0,6083661232	6,3450357108	0,0958806461	1,05E-53	-1,0182690483
c60185_g2	3,2814911989	12,6488366672	0,2594302769	7,02E-18	-0,5859793408
c49035_g2	2,5161172625	14,2620548587	0,1764203887	4,57E-79	-0,7534512253
c41611_g1	2,78546278	10,846720396	0,2568023032	3,27E-24	-0,5904010855
c46612_g1	12,8478498744	60,7752452381	0,2113993917	4,37E-148	-0,6748962667
c48809_g1	0,4800493252	4,1936386034	0,114470838	8,85E-36	-0,9413051379
c43799_g2	21,6008601926	76,4350354788	0,2826041757	3,62E-163	-0,5488214255
c38929_g1	16,7464143871	65,756390223	0,254673566	1,35E-155	-0,5940161305
c41552_g1	3,3121118923	38,8033845007	0,085356263	9,24E-251	-1,0687646072
c46360_g1	0,3048931545	3,3375965279	0,0913511121	1,52E-21	-1,0392861613
c51973_g1	3,2621908608	13,9097420173	0,2345256193	1,67E-26	-0,6298097086
c43728_g1	1,900752435	16,3371670392	0,1163452899	2,52E-81	-0,934251194
c51577_g1	1,0043732915	4,478423296	0,2242693969	2,17E-10	-0,6492299849
c40345_g1	1,1528580459	6,2420422727	0,1846924445	5,43E-14	-0,7335508706
c45714_g1	5,421846451	18,4414300905	0,2940035791	9,34E-70	-0,5316473826
c44420_g1	1,9272394545	6,3889580408	0,3016516061	1,50E-20	-0,520494358
c46540_g1	11,0726744527	36,0069542874	0,3075148863	4,23E-110	-0,5121338559
c49902_g1	2,3079445546	8,0668964545	0,2861006792	2,77E-37	-0,5434811112
c55118_g1	1,6361258206	15,6329126941	0,1046590519	3,60E-172	-0,9802232039
c50384_g2	3,7998986003	15,2668490108	0,2488986822	8,74E-66	-0,6039774027
c41397_g1	0,6572830939	3,3494568998	0,1962357223	1,45E-08	-0,7072219319
c43308_g1	1,3427122213	5,3489748895	0,2510223452	2,56E-20	-0,6002876173
c56118_g1	19,694525589	65,6148120348	0,300153654	7,56E-66	-0,5226563653
c54210_g2	7,9360994287	29,8466539661	0,2658957831	4,44E-124	-0,5752885502
c60444_g3	1,6855612131	6,2273670942	0,2706699617	3,08E-09	-0,5675599384
c48917_g1	3,7380516075	11,8014871377	0,3167441157	1,61E-41	-0,4992914444
c57431_g3	1,8993548229	7,6624983674	0,2478767018	1,06E-10	-0,6057642911
c39207_g1	9,4002943775	50,0986318378	0,1876357504	3,08E-184	-0,7266844116
c48764_g1	26,7114354594	131,2947538228	0,2034463273	0	-0,6915501458
c46495_g1	0,7387385774	3,5554053937	0,207779	4,61E-11	-0,6823983481
c38629_g1	0,7680646107	4,6349878931	0,1657101655	3,18E-19	-0,780650849
c58748_g2	11,4805447073	57,0097973229	0,2013784515	1,13E-168	-0,6959870029
c61856_g3	2,4374366881	7,9237179144	0,3076127538	4,10E-27	-0,5119956624
c56059_g1	1,6024926987	5,5659910168	0,2879078845	3,03E-24	-0,5407464416
c54944_g1	2,3717571432	10,913187265	0,2173294644	1,72E-101	-0,6628813903
c52972_g1	2,6158203131	11,7919146709	0,221831686	2,17E-60	-0,6539764199
c59624_g3	0,278754233	4,8139406631	0,057905623	4,13E-49	-1,2372792618
c50822_g5	0,9664744269	3,2833791787	0,2943535834	4,14E-05	-0,5311306728
c47729_g2	2,397835287	10,78433259	0,2223443377	2,74E-26	-0,652973926
c55854_g1	1,0573567577	3,9872658846	0,2651834085	1,33E-21	-0,5764536516
c54380_g1	2,6945310547	11,57460768	0,2327967504	2,10E-28	-0,6330230863
c19085_g1	1,4507396588	4,654752272	0,3116685001	8,23E-12	-0,5063070891
c53055_g1	2,8316812463	21,2708871917	0,1331247362	9,71E-179	-0,8757412398
c50058_g3	3,772431101	32,4784040188	0,1161519851	1,14E-153	-0,9349733633
c55055_g2	20,1670291364	67,7199652792	0,2978003467	5,10E-104	-0,526074801
c58234_g1	7,8202915627	35,5477449357	0,2199940271	0	-0,6575891102
c47465_g1	1,9859988922	7,1967828417	0,2759564844	2,62E-29	-0,5591593964
c61856_g4	3,2316326184	11,4609184994	0,2819697757	9,70E-28	-0,5497974412
c33105_g2	1,1429745837	9,3191968965	0,1226473264	1,15E-60	-0,9113419145
c36435_g1	5,8762977649	60,5140504637	0,0971063368	1,72E-149	-1,0127524288
c39689_g1	1,2113118683	4,9896305775	0,242765842	4,49E-11	-0,6148124201
c50745_g2	9,7518865844	36,6965620837	0,2657438744	2,81E-140	-0,5755367375
c42132_g1	4,2444119072	13,5463818174	0,3133243965	1,09E-37	-0,5040057882
c49761_g2	1,5461761577	8,7641579792	0,1764203887	3,02E-40	-0,7534512253
c47254_g1	23,849207024	94,8387837208	0,2514710342	0	-0,5995120321
c52109_g4	1,5120717419	4,6660385437	0,3240589909	2,20E-09	-0,4893759247
c41857_g2	0,4612718856	3,3691947708	0,1369086434	8,22E-08	-0,8635691327
c49927_g1	16,883728727	135,8907446181	0,1242448761	0	-0,9057215127
c55297_g2	2,9799031403	11,4990320327	0,2591438246	3,13E-40	-0,5864591359
c46465_g1	6,7050240097	20,2796949271	0,3306274593	2,69E-36	-0,4806610802
c52183_g3	11,1951774392	45,9473331371	0,243652388	3,09E-163	-0,6132293279
c52008_g4	31,4291903575	122,2714109804	0,2570444727	0	-0,5899917305
c31241_g1	0,2254361506	3,2230301267	0,069945406	2,28E-20	-1,1552408049
c57371_g1	34,8047812075	106,7646512007	0,3259953628	0	-0,4867885776
c57415_g1	1,8957328229	7,2897382543	0,2600549919	1,28E-54	-0,5849348052
c54685_g4	0,8679291799	6,5816828082	0,1318704054	2,45E-57	-0,8798526588
c53280_g1	0,902400894	3,1934414402	0,2825794401	8,88E-06	-0,5488594398
c55549_g2	18,1487781876	64,5664220214	0,281086943	3,23E-244	-0,5511593277
c58036_g3	42,1949390245	136,6495945211	0,3087820288	0	-0,5103479837
c42301_g1	1,3561393436	11,3534028441	0,1194478309	9,46E-34	-0,9228217322
c56281_g1	1,3667315128	4,4883903924	0,304503707	1,46E-19	-0,516407416
c48944_g1	13,6687425236	51,5536512389	0,2651362647	5,57E-124	-0,5765308664
c48953_g1	1,0166135295	4,1601572908	0,2443690126	9,90E-07	-0,6119538659
c58610_g3	5,269950981	17,8495453462	0,2952428691	1,00E-81	-0,5298205829
c53826_g1	14,9604391788	47,2028672305	0,3169392043	1,62E-60	-0,4990240368
c44776_g1	1,6813223758	8,7347776913	0,1924859951	1,53E-57	-0,7156008634
c45641_g1	6,8703650856	28,6607830238	0,2397130979	1,78E-51	-0,6203082356
c44246_g2	0,7007717568	3,0089582293	0,2328951429	8,02E-11	-0,6328395687
c49173_g4	2,4029047062	20,1843250423	0,1190480584	2,95E-128	-0,9242776833
c51294_g1	0,2140339769	3,4084323191	0,0627954311	2,98E-30	-1,2020719536
c52975_g3	1,5159169948	7,8794794182	0,192387963	1,07E-19	-0,7158221036
c58908_g1	7,788972623	34,6089624098	0,2250565195	3,61E-99	-0,6477084018
c53630_g1	0,3557762133	3,8645618518	0,092061203	2,14E-43	-1,0359233541
c40001_g1	0,6888326824	3,0049703326	0,2292311092	3,15E-13	-0,6397264441
c42835_g1	18,1373805074	68,3093794011	0,2655181568	2,63E-139	-0,5759057755
c40443_g1	0,0906889137	3,1323007708	0,0289528115	1,67E-27	-1,5383092574
c58003_g5	2,2904535007	7,1868950204	0,3186986166	2,60E-11	-0,4966198217
c51457_g4	0,9508426598	3,3648685113	0,2825794401	5,41E-10	-0,5488594398
c57496_g2	19,1185057831	156,0262963954	0,1225338691	0	-0,911743853
c40270_g1	5,0402391398	18,5337852913	0,2719487175	4,00E-35	-0,565512985
c43193_g1	1,133551123	7,9937105028	0,1418053759	8,31E-41	-0,8483073044
c44866_g1	3,6784973152	15,343374479	0,2397450001	1,58E-23	-0,6202504414
c43657_g1	1,7422299435	5,9188338169	0,2943535834	2,25E-17	-0,5311306728
c46612_g3	19,6706404085	79,3106547595	0,248020149	7,82E-169	-0,605513036
c58616_g4	2,196405083	16,6136470109	0,1322048724	1,14E-156	-0,8787525387
c43946_g1	2,8038512767	30,8057209189	0,0910172264	7,43E-107	-1,0408764028
c46257_g1	0,408890701	3,4274879501	0,1192974875	6,87E-37	-0,9233687027
c61300_g1	8,4050495536	28,330014586	0,296683559	2,19E-123	-0,5277065199
c56844_g3	1,1359378009	3,9362746786	0,2885819445	2,17E-18	-0,5397308446
c41315_g1	1,9977386698	15,8623290701	0,1259423292	1,09E-62	-0,899828279
c57508_g1	5,7402723537	19,2401045054	0,2983493334	4,03E-19	-0,5252749282
c48995_g1	1,955351738	9,2650514962	0,2110459655	2,84E-13	-0,6756229458
c52101_g7	1,1042355978	3,6844025898	0,2997054667	6,65E-06	-0,5233053353
c39872_g1	1,9294411903	6,1027838015	0,3161575525	1,43E-17	-0,5000964391
c62099_g1	13,1161202265	41,1199418155	0,3189722467	0	-0,4962471026
c49967_g3	1,3095678373	3,9484535647	0,3316660095	1,65E-06	-0,4792990345
c44859_g1	9,5394951652	29,6075700793	0,3221978413	4,51E-66	-0,4918773737
c60666_g2	2,1062565988	7,4369297267	0,2832158802	8,88E-33	-0,5478823989
c51404_g1	5,0733270406	27,3210861893	0,1856927285	4,00E-213	-0,7312051023
c44083_g1	5,2527968851	23,6753003768	0,2218682256	3,36E-101	-0,6539048899
c61950_g2	22,6953611715	100,9999695299	0,224706614	0	-0,6483841443
c53812_g3	4,0638637006	13,508517156	0,3008371425	2,58E-55	-0,5216685451
c49832_g3	6,0044120208	19,7950042713	0,3033296653	5,86E-76	-0,5180851141
c48740_g1	2,886469078	12,3484581743	0,233751375	5,35E-57	-0,6312458257
c19574_g1	1,3611663785	4,151320893	0,3278875359	3,77E-07	-0,484275092
c41428_g1	5,1355197862	20,205449346	0,2541650868	1,06E-52	-0,5948841063
c44002_g1	0,7374153401	5,1946111164	0,1419577565	1,03E-21	-0,8478408728
c49571_g4	19,6608586475	114,5447171214	0,1716435218	0	-0,7653725832
c50916_g2	8,5524650007	31,1810544882	0,2742840209	5,55E-94	-0,5617994926
c50434_g1	45,7790298927	146,7337763218	0,3119869947	0	-0,5058635094
c49321_g6	2,4773203364	10,2133339614	0,2425574593	1,77E-24	-0,6151853651
c47618_g2	0,4460067728	14,8364072894	0,0300616426	1,70E-51	-1,5219872934
c62306_g3	0,4639077249	3,7430522637	0,1239383509	1,58E-33	-0,9067942868
c45826_g2	4,1456223556	12,7254804058	0,3257733479	1,53E-52	-0,487084449
c54241_g3	0,8438130042	4,765829936	0,177054787	5,42E-35	-0,7518923268
c51216_g1	1,0636387008	3,6134729143	0,2943535834	4,48E-06	-0,5311306728
c46843_g2	1096,1619111215	5678,1691682133	0,1930484772	0	-0,7143336199
c34219_g2	35,3995556778	199,1978336632	0,1777105455	0	-0,7502868001
c59550_g1	5,7503341807	19,9969328674	0,2875608084	9,61E-45	-0,5412703042
c55503_g1	10,690497598	39,4858737609	0,2707423334	1,20E-167	-0,5674438324
c26365_g1	0,9899391843	3,5207405042	0,2811735722	3,04E-07	-0,5510255015
c46329_g1	2,6438893713	9,018236452	0,2931714405	5,05E-42	-0,5328783391
c34600_g2	0,6508655267	4,0768428943	0,1596494012	1,92E-09	-0,7968327061
c41681_g1	1,3283274868	4,3515258236	0,305255568	6,63E-10	-0,5153364056
c41395_g1	15,967103731	67,9263418023	0,2350649734	8,50E-231	-0,6288120794
c47639_g3	4,2339597502	16,1819151785	0,2616476297	1,83E-44	-0,5822831953
c55931_g3	0,5555102278	3,1453681282	0,17661215	1,39E-06	-0,7529794224
c42884_g1	5,5368968938	18,1108012318	0,3057234643	1,29E-37	-0,5146712279
c57619_g1	5,3845787212	18,2302464989	0,2953651077	4,51E-119	-0,5296408104
c40936_g1	3,1485270678	35,1023083102	0,0896957271	6,88E-164	-1,0472282451
c51293_g3	0,8973070114	3,4866057429	0,2573583243	1,44E-18	-0,5894617799
c42820_g1	0,9107973764	3,4810075577	0,2616476297	5,86E-09	-0,5822831953
c44943_g2	0,9151158825	8,2315195615	0,1111721688	6,23E-39	-0,9540039217
c47286_g2	92,0800381319	281,1590259973	0,3275016258	0	-0,4847865397
c50206_g3	1,2042529413	3,9121890818	0,3078207408	2,86E-13	-0,511702121
c53512_g3	1,6373891632	9,1831858489	0,1783029539	1,59E-49	-0,7488414619
c40405_g1	8,0564127799	28,6857058779	0,2808511254	6,35E-104	-0,5515238315
c53508_g2	2,4956031434	7,5656602111	0,3298592686	9,71E-38	-0,4816713084
c49464_g1	1,2374239804	4,1381838015	0,2990258625	1,50E-06	-0,5242912483
c53130_g3	1,1405995716	3,9319144049	0,2900875894	3,23E-07	-0,5374708508
c59390_g1	0,9336587563	4,1322747484	0,2259430491	9,23E-51	-0,6460010148
c53389_g1	0,9879066419	3,0872647968	0,3199941394	1,56E-22	-0,4948579755
c52399_g1	12,9156127957	56,7355444256	0,2276458775	2,24E-133	-0,6427402101
c33733_g1	1,041258706	3,4013864642	0,3061277267	2,06E-05	-0,5140973335
c58300_g2	6,5671030852	19,7979799751	0,3317057141	2,69E-89	-0,4792470471
c47563_g1	1,3789246568	5,6792582915	0,2428001309	2,17E-36	-0,6147510834
c55003_g3	11,8286552832	44,6109936214	0,2651511281	1,38E-150	-0,5765065209
c49362_g1	1,5741306304	5,8080118021	0,2710274504	5,76E-25	-0,5669867204
c53348_g2	5,6891909534	21,9389426939	0,2593192859	7,94E-85	-0,586165183
c59447_g1	1,1093164364	5,2491948777	0,2113307778	9,45E-45	-0,6750372485
c49417_g2	0,5788509936	7,1812945673	0,0806053823	4,32E-75	-1,0936359582
c58495_g5	1,2042529413	10,5859233978	0,113759839	1,95E-34	-0,9440110313
c37925_g1	0,8210414002	12,2836622907	0,066840115	8,77E-45	-1,1749628115
c47313_g1	1,5896138825	7,2754784318	0,2184892578	5,56E-12	-0,6605699106
c52964_g2	2,8115619691	10,9303834996	0,2572244578	2,48E-73	-0,5896877396
c49159_g1	0,7667896279	4,1517108623	0,1846924445	8,97E-08	-0,7335508706
c48384_g1	11,4064288603	48,6650788226	0,2343863225	1,27E-176	-0,6300677349
c55327_g2	1,1869928609	8,2251032419	0,14431343	1,30E-74	-0,840693251
c60639_g2	3,548884597	11,3153555786	0,3136343858	6,41E-36	-0,5035763288
c51888_g1	1,7780575933	5,8727571265	0,3027636858	5,02E-07	-0,5188962164
c52842_g2	1,4384687237	5,1988015862	0,2766923684	7,86E-19	-0,5580028192
c41196_g1	0,4009281134	93,3013128313	0,0042971326	0	-2,3668212443
c59645_g1	3,1287821695	11,2033166664	0,2792728495	9,55E-47	-0,5539712837
c57981_g4	1,099201089	5,3939717262	0,20378325	2,28E-13	-0,6908315157
c56358_g1	0,9924769957	3,0072070982	0,3300328056	8,16E-11	-0,4814428886
c51285_g1	3,6424759941	13,6635013252	0,2665843774	2,29E-25	-0,574165305
c61115_g1	10,3852968306	31,4508011532	0,3302077038	3,43E-120	-0,4812127988
c46213_g4	1,4280677563	4,4234616163	0,322839414	4,93E-06	-0,4910134496
c39110_g1	1,0172634551	3,2707847054	0,311015107	1,45E-05	-0,5072185154
c44708_g1	0,2609214706	3,1341346706	0,0832515185	4,02E-19	-1,0796078361
c15218_g1	3,908507461	14,4273551372	0,2709094927	1,55E-31	-0,567175777
c38723_g1	2,3993430885	11,8366232321	0,2027050318	9,36E-33	-0,6931354706

