Feature_ID	P-value	Fold_change
ENSSSCG00000006036	2,27E-06	-4,367
ENSSSCG00000030303	1,83E-03	-2,860
ENSSSCG00000006416	5,46E-03	2,309
ENSSSCG00000017980	8,33E-03	-2,434
ENSSSCG00000014083	2,12E-03	-2,983
ENSSSCG00000001411	4,63E-04	-3,196
ENSSSCG00000014436	8,85E-03	-2,193
ENSSSCG00000014798	1,88E-03	-3,033
ENSSSCG00000016318	2,97E-03	-2,683
ENSSSCG00000030395	5,46E-03	-2,400
ENSSSCG00000015595	2,48E-04	-7,763
ENSSSCG00000012841	4,34E-03	-2,053
ENSSSCG00000000111	7,24E-03	-2,216
ENSSSCG00000024914	2,85E-03	-2,632
ENSSSCG00000028322	1,90E-03	-4,621
ENSSSCG00000010389	6,74E-03	-2,238
ENSSSCG00000012038	5,53E-04	-4,453
ENSSSCG00000010966	7,52E-03	3,714
ENSSSCG00000017723	2,47E-03	3,434
ENSSSCG00000021576	8,66E-03	2,035
ENSSSCG00000011391	2,76E-03	-2,635
ENSSSCG00000031039	1,41E-03	-4,358
ENSSSCG00000004754	2,11E-03	4,307
ENSSSCG00000016687	5,70E-04	-2,677
ENSSSCG00000006655	3,49E-06	-8,399
ENSSSCG00000029210	1,94E-03	-2,799
ENSSSCG00000017934	3,05E-04	-2,968
ENSSSCG00000003230	6,41E-03	-3,268
ENSSSCG00000013578	3,64E-03	12,945
ENSSSCG00000009668	1,30E-03	5,790
ENSSSCG00000021340	2,31E-03	-2,387
ENSSSCG00000006114	1,08E-03	10,788
ENSSSCG00000027762	4,49E-04	-5,586
ENSSSCG00000028731	7,26E-04	27,063
ENSSSCG00000005857	7,02E-04	-2,803
ENSSSCG00000027643	1,62E-03	-3,434
ENSSSCG00000028773	2,92E-03	-2,625
ENSSSCG00000011000	2,32E-04	5,186
ENSSSCG00000030198	1,34E-03	4,332
ENSSSCG00000010853	7,93E-03	-2,333
ENSSSCG00000016792	3,75E-04	-3,563
ENSSSCG00000014076	4,78E-03	2,287
ENSSSCG00000005981	2,62E-04	-3,867
ENSSSCG00000026044	4,88E-03	-2,239
ENSSSCG00000003140	4,89E-03	6,061
ENSSSCG00000003644	4,38E-04	-2,733
ENSSSCG00000015268	1,80E-03	-2,317
ENSSSCG00000002383	1,38E-03	-4,387
ENSSSCG00000004387	7,04E-04	-2,722
ENSSSCG00000015545	3,30E-03	-2,337
ENSSSCG00000001652	7,68E-03	-3,631
ENSSSCG00000015901	4,42E-04	-3,288
ENSSSCG00000009077	4,88E-03	2,768
ENSSSCG00000009334	2,25E-04	4,527
ENSSSCG00000012667	1,39E-03	-2,571
ENSSSCG00000011559	9,71E-03	-1,880
ENSSSCG00000011451	9,35E-03	2,345
ENSSSCG00000012582	5,76E-03	-2,133
ENSSSCG00000030799	3,37E-03	-3,582
ENSSSCG00000028522	4,90E-03	-2,361
ENSSSCG00000010481	4,80E-03	-2,813
ENSSSCG00000023396	9,20E-06	-4,192
ENSSSCG00000016605	1,99E-03	-2,723
ENSSSCG00000011499	3,46E-03	-2,373
ENSSSCG00000023806	7,30E-04	-3,117
ENSSSCG00000030165	7,51E-03	-4,207
ENSSSCG00000020705	4,95E-03	4,023
ENSSSCG00000015716	6,47E-04	27,248
ENSSSCG00000006979	9,33E-03	2,284
ENSSSCG00000017987	9,78E-05	5,080
ENSSSCG00000018007	5,18E-03	-2,374
ENSSSCG00000000420	9,14E-03	2,724
ENSSSCG00000029557	2,76E-04	-3,517
ENSSSCG00000005385	8,17E-04	-6,561
ENSSSCG00000009856	9,85E-03	2,293
ENSSSCG00000010568	5,28E-04	3,571
ENSSSCG00000006690	5,60E-03	-2,203
ENSSSCG00000011685	7,00E-03	3,942
ENSSSCG00000029990	8,57E-03	9,188
ENSSSCG00000006218	1,97E-03	-2,541
ENSSSCG00000011521	2,64E-03	-2,395
ENSSSCG00000013569	3,79E-03	-2,958
ENSSSCG00000027550	2,34E-03	-2,336
ENSSSCG00000007760	7,34E-03	3,693
ENSSSCG00000000138	1,52E-04	24,241
ENSSSCG00000003079	1,95E-03	6,592
ENSSSCG00000029507	5,43E-04	-3,106
ENSSSCG00000010411	3,56E-04	7,045
ENSSSCG00000009868	4,03E-03	2,380
ENSSSCG00000000602	7,03E-03	-2,398
ENSSSCG00000022390	6,00E-03	-2,423
ENSSSCG00000024247	4,72E-03	-3,349
ENSSSCG00000007189	2,91E-03	4,700
ENSSSCG00000006624	8,88E-03	-1,931
ENSSSCG00000023915	9,77E-03	-2,104
ENSSSCG00000017933	4,18E-03	-2,203
ENSSSCG00000010512	8,77E-03	-2,430
ENSSSCG00000025593	5,70E-03	2,554
ENSSSCG00000024681	9,76E-03	-2,444
ENSSSCG00000022445	1,40E-03	7,091
ENSSSCG00000011640	7,71E-03	-2,070
ENSSSCG00000016530	9,93E-03	-1,968
ENSSSCG00000028530	5,23E-03	-2,249
ENSSSCG00000016475	4,90E-04	10,501
ENSSSCG00000016518	1,79E-03	-2,261
ENSSSCG00000027684	7,02E-04	-2,462
ENSSSCG00000008605	4,70E-03	-2,712
ENSSSCG00000003875	2,01E-03	3,007
ENSSSCG00000029226	2,85E-03	-2,319
ENSSSCG00000015589	2,17E-03	2,707
ENSSSCG00000007554	1,29E-04	9,137
ENSSSCG00000004946	2,38E-03	-3,027
ENSSSCG00000000852	5,41E-03	10,141
ENSSSCG00000001517	2,91E-03	-2,306
ENSSSCG00000004042	4,90E-03	-2,048
ENSSSCG00000004092	2,59E-03	2,582
ENSSSCG00000004329	9,85E-03	2,290
ENSSSCG00000004665	4,43E-03	4,077
ENSSSCG00000005494	6,62E-04	5,470
ENSSSCG00000006932	1,76E-03	-3,899
ENSSSCG00000007552	3,72E-04	-4,475
ENSSSCG00000007746	1,83E-03	2,212
ENSSSCG00000007999	3,95E-03	-2,100
ENSSSCG00000008231	5,12E-04	-4,511
ENSSSCG00000008409	2,93E-04	3,592
ENSSSCG00000010037	8,58E-04	-3,862
ENSSSCG00000010283	4,67E-03	-2,196
ENSSSCG00000013243	7,59E-03	-2,065
ENSSSCG00000015140	2,39E-03	2,835
ENSSSCG00000016766	9,11E-03	-4,536
ENSSSCG00000021092	7,25E-03	2,259
ENSSSCG00000021164	5,25E-03	2,089
ENSSSCG00000022049	9,96E-04	-6,898
ENSSSCG00000022116	1,66E-07	14,252
ENSSSCG00000022701	6,74E-03	22,439
ENSSSCG00000023092	3,46E-03	-3,429
ENSSSCG00000023287	1,77E-03	-12,541
ENSSSCG00000024107	3,22E-03	2,057
ENSSSCG00000024452	2,29E-03	-2,314
ENSSSCG00000025956	3,45E-04	9,585
ENSSSCG00000026492	3,52E-03	3,751
ENSSSCG00000027341	3,01E-04	4,502
ENSSSCG00000028056	6,68E-03	-2,650
ENSSSCG00000028367	1,10E-03	-5,447
ENSSSCG00000028947	6,85E-03	-1,995
ENSSSCG00000029388	4,60E-03	-3,352
ENSSSCG00000029438	1,99E-03	6,913
ENSSSCG00000029773	3,06E-03	-4,644
ENSSSCG00000030310	9,46E-03	-2,730

